9.378757515030060610e-01
9.519038076152304129e-01
9.498997995991983467e-01
9.458917835671342145e-01
9.458917835671342145e-01
9.478957915831662806e-01
9.468937875751503030e-01
9.468937875751503030e-01
9.438877755511022594e-01
9.448897795591182369e-01
9.438877755511022594e-01
9.448897795591182369e-01
9.438877755511022594e-01
9.438877755511022594e-01
9.438877755511022594e-01
9.438877755511022594e-01
9.428857715430861708e-01
9.438877755511022594e-01
9.418837675350701932e-01
9.418837675350701932e-01
9.428857715430861708e-01
9.418837675350701932e-01
9.418837675350701932e-01
9.418837675350701932e-01
9.418837675350701932e-01
9.418837675350701932e-01
9.418837675350701932e-01
9.418837675350701932e-01
9.418837675350701932e-01
9.428857715430861708e-01
9.428857715430861708e-01
9.418837675350701932e-01
9.418837675350701932e-01
9.418837675350701932e-01
9.418837675350701932e-01
9.418837675350701932e-01
9.428857715430861708e-01
9.428857715430861708e-01
9.428857715430861708e-01
9.418837675350701932e-01
