0.1156141027
0.0788980116
0.0333519339
0.0415513518
0.0280865409
0.0255910506
0.0230200487
0.0261190140
0.0257512027
0.0138078291
0.0265805063
0.0088941567
0.0055254643
0.0059665867
0.0072725206
0.0083501515
0.0067349608
0.0049577564
0.0078522526
0.0073204980
0.0050202498
0.0048340996
0.0051779563
0.0046831685
0.0068118207
0.0069444875
0.0047744429
0.0036222671
0.0035294581
0.0048512750
0.0046383095
0.0039471326
0.0042298017
0.0034141028
0.0030052225
0.0029410642
0.0036139909
0.0057362014
0.0054247064
0.0033935930
0.0028836855
0.0034931185
0.0037352168
0.0030182799
0.0027144007
0.0026766964
0.0029321795
0.0033047048
0.0043450203
0.0087992738
0.0070222864
0.0045193948
0.0056976646
0.0054975335
0.0109788831
0.0153682445
0.0147974455
0.0132053359
0.0155294109
0.0165449881
0.0175095659
0.0110659957
0.0074751400
0.0112720934
0.0131216266
0.0096741066
0.0051907789
0.0024232473
0.0023813611
0.0023408984
0.0023017880
0.0022639630
0.0115182740
0.0101640595
0.0097555964
0.0074981500
0.0049690462
0.0044993063
0.0043322424
0.0043386225
0.0028506352
0.0020745488
0.0026975598
0.0024243432
0.0025711781
0.0033715670
0.0058225102
0.0115296827
0.0151915344
0.0119215679
0.0120975170
0.0122521169
0.0084100018
0.0028796918
0.0042035766
0.0041078545
0.0027636746
0.0030749288
0.0030077924
0.0037488021
