0.1097262537
0.0748799933
0.0316534288
0.0394352771
0.0266561850
0.0242877819
0.0218477127
0.0247888578
0.0244397780
0.0131046414
0.0252268479
0.0084412063
0.0052440705
0.0056627279
0.0069021549
0.0079249055
0.0063919712
0.0047052741
0.0074523630
0.0069476890
0.0047645849
0.0045879147
0.0049142599
0.0044446700
0.0064649169
0.0065908274
0.0045312961
0.0034377969
0.0033497143
0.0046042154
0.0044020956
0.0037461180
0.0040143917
0.0032402337
0.0028521763
0.0027912854
0.0034299421
0.0054440754
0.0051484438
0.0032207684
0.0027368288
0.0033152254
0.0035449944
0.0028645688
0.0025761652
0.0025403810
0.0027828532
0.0031364070
0.0041237426
0.0083511555
0.0066646643
0.0042892368
0.0054075012
0.0052175621
0.0104197644
0.0145855900
0.0140438599
0.0125328312
0.0147385487
0.0157024059
0.0166178609
0.0105024407
0.0070944555
0.0106980424
0.0124533849
0.0091814359
0.0049264294
0.0022998393
0.0022600862
0.0022216841
0.0021845654
0.0021486668
0.0109316859
0.0096464371
0.0092587757
0.0071162937
0.0047159888
0.0042701713
0.0041116154
0.0041176706
0.0027054616
0.0019688988
0.0025601819
0.0023008793
0.0024402364
0.0031998641
0.0055259887
0.0109425136
0.0144178791
0.0113144413
0.0114814300
0.0116281565
0.0079817078
0.0027330385
0.0039895022
0.0038986549
0.0026229297
0.0029183327
0.0028546154
0.0035578879
0.0060151061
0.0050320569
0.0029196416
0.0024055060
0.0029953838
0.0020713151
0.0014930479
0.0093242274
0.0090316827
0.0096387696
