0.0057156315
0.0027909600
0.0024055141
0.0014459078
0.0021951228
0.0014626621
0.0018891455
0.0020037613
0.0011342071
0.0014388266
0.0014394184
0.0017534373
0.0011221784
0.0009783566
0.0012063518
0.0013423365
0.0010622193
0.0012763949
0.0008525029
0.0006942403
0.0010192905
0.0008520286
0.0011065118
0.0011741234
0.0007721876
0.0007039482
0.0010033334
0.0011195732
0.0007625097
0.0007123104
0.0009566690
0.0013899088
0.0009927410
0.0013287644
0.0009985161
0.0009464243
0.0011374762
0.0008420676
0.0012591686
0.0010725672
0.0010577991
0.0010726780
0.0013135768
0.0011650334
0.0009650850
0.0010191427
0.0015152045
0.0011497090
0.0012133145
0.0009965741
0.0012445976
0.0009359377
0.0006715787
0.0010789356
0.0009980922
0.0010452587
0.0009844125
0.0007885145
0.0009788820
0.0010341197
0.0008663373
0.0010440899
0.0013508039
0.0013563702
0.0013830659
0.0008588785
0.0011587623
0.0010461729
0.0014566200
0.0011450370
0.0011445257
0.0012073098
0.0011766523
0.0013938094
0.0010594451
0.0011042342
0.0009779133
0.0010778317
0.0009326064
0.0011915890
0.0012379549
0.0012862382
0.0009805947
0.0010717767
0.0008228907
0.0012880193
0.0011552494
0.0006079684
0.0008173028
0.0006692148
0.0008586398
0.0008484572
0.0007764109
0.0008563660
0.0007307127
0.0009757458
0.0008695750
0.0008779002
0.0012315314
0.0009459166
0.0010836365
0.0013126779
0.0011983199
0.0009287387
0.0009883975
0.0010117654
0.0008615719
0.0010214825
0.0008194562
0.0009509666
0.0014597371
0.0008300236
0.0011204870
0.0005660062
0.0006249648
0.0008810642
0.0011311755
0.0009742532
0.0007451245
0.0009265104
0.0011314508
0.0008228782
0.0011089759
0.0014101713
0.0010849915
0.0009687712
0.0011886475
0.0010124449
0.0011702738
0.0007672235
0.0009141011
0.0011099518
0.0009822593
0.0008243241
0.0006374143
0.0006744661
0.0006371420
0.0005768854
0.0010488571
0.0011806488
0.0013766381
0.0008462781
0.0013147305
0.0011561406
0.0008531746
0.0004987749
0.0006192259
0.0008254209
0.0011535417
0.0011606902
0.0013893778
0.0012515239
0.0009942667
0.0006668943
0.0007356570
0.0008305966
0.0009029241
0.0007926645
0.0011600813
0.0008899650
0.0011516470
0.0003446717
0.0005335702
0.0004849543
0.0003657616
0.0003521158
0.0007534917
0.0010565342
0.0008958073
0.0014079426
0.0011385418
0.0011345071
0.0011635524
0.0008787820
0.0006978367
0.0005203903
0.0005793328
0.0008513189
0.0011692642
0.0006283047
0.0008131292
0.0008892286
0.0005826239
0.0004665810
0.0009004798
0.0009869380
0.0013169902
0.0011584074
0.0013852959
0.0007135079
0.0008937463
0.0006041651
0.0007962359
0.0008651275
0.0010400184
0.0009684070
0.0007980299
0.0008304283
0.0005882829
0.0008553035
0.0008002687
0.0004256837
0.0002817670
0.0002952407
0.0005496994
0.0008180434
0.0009247448
0.0011374155
0.0011454944
0.0014338056
0.0009918170
0.0009523246
0.0010233302
0.0010156911
0.0007260941
0.0005521193
0.0005389019
0.0006067496
0.0004118298
0.0006149570
0.0009227042
0.0008518375
0.0011791678
0.0011468849
0.0013576046
0.0007503917
0.0008357758
0.0008512939
0.0013610067
0.0010979954
0.0010049746
0.0004691028
0.0002340864
0.0002811278
0.0008509962
0.0005906652
0.0009562862
0.0007526932
0.0011261601
0.0012230309
0.0007072699
0.0006863268
0.0007747019
0.0009945954
0.0010781557
0.0008868619
0.0010599542
0.0008911754
0.0006778557
0.0005558241
0.0005662097
0.0009382457
0.0011296856
0.0011207563
0.0013743560
0.0008245538
0.0009954301
0.0008609097
0.0011764513
0.0011048413
0.0009571135
0.0009575802
0.0008210970
0.0010020557
0.0003762352
0.0005443494
0.0004410901
0.0005271021
0.0008301576
0.0008317316
0.0012042515
0.0010114287
0.0010061340
0.0009757995
0.0011477336
0.0010792680
0.0012630022
0.0005215120
0.0007840971
0.0008938637
0.0007920883
0.0013920348
0.0008251953
0.0007039865
0.0005897163
0.0005875592
0.0005790937
0.0004178991
0.0006924068
0.0013123421
0.0012808254
0.0010740740
0.0013732240
0.0015125613
0.0012352918
0.0008410811
0.0008662551
0.0012579122
0.0007412870
0.0004678115
0.0004155996
0.0006645540
0.0010416537
0.0010072279
0.0012747003
0.0011303535
0.0012688086
0.0006411368
0.0004655247
0.0007434088
0.0011015648
0.0009061352
0.0008724599
0.0010879337
0.0007658989
0.0005972800
0.0005963796
0.0009172635
0.0008850362
0.0010444678
0.0008262489
0.0010342357
0.0010427497
0.0009724187
0.0007398931
0.0009136747
0.0008058868
0.0006298727
0.0007632866
0.0012386149
0.0010718494
0.0009460735
0.0008812523
0.0010924119
0.0010626030
0.0006890945
0.0010523315
0.0007956218
0.0007557657
0.0005204125
0.0003793088
0.0010780712
0.0013459520
0.0014231712
0.0013820977
0.0008286483
0.0011149379
0.0009718157
0.0008992707
0.0007085921
0.0008933146
0.0013645240
0.0009392168
0.0010623904
0.0008168177
0.0010977963
0.0010882759
0.0010567633
0.0009398881
0.0003745700
0.0003068691
0.0002835652
0.0002644072
0.0003731685
0.0004926054
0.0005702599
0.0008125181
0.0008739622
0.0006764127
0.0010675426
0.0009352088
0.0010241597
0.0013565871
0.0013635409
0.0011460766
0.0008360082
0.0007281373
0.0005017350
0.0012553215
0.0012965634
0.0011933090
0.0014353047
0.0009623635
0.0013406231
0.0008774995
0.0011395086
0.0008675203
0.0006624609
0.0008508798
0.0009779712
0.0007241745
0.0006410467
0.0003827312
0.0005287891
0.0009085758
0.0009753191
0.0011678280
0.0012488050
0.0010898186
0.0011973263
0.0009828458
0.0007686856
0.0006868549
0.0004791864
0.0011386772
0.0012738194
0.0012267536
0.0012687642
0.0014071551
0.0010432743
0.0011114883
0.0007956275
0.0013091080
0.0011226237
0.0011506554
0.0007904852
0.0014161933
0.0008331851
0.0006326012
0.0009508482
0.0009282340
0.0011162425
0.0008578193
0.0007675467
0.0012291327
0.0009389292
0.0004740691
0.0002406255
0.0003545150
0.0003202529
0.0004431521
0.0008331501
0.0015973076
0.0013750411
0.0004318824
0.0005769259
0.0008585016
0.0012611347
0.0009827849
0.0011830545
0.0014349806
0.0007928981
0.0010706750
0.0007189699
0.0011262505
0.0011189345
0.0010040873
0.0009012310
0.0008719282
0.0010310965
0.0009289216
0.0006444837
0.0005646557
0.0004406541
0.0006903735
0.0007744739
0.0008325186
0.0010117362
0.0010554408
0.0010878401
0.0006348639
0.0007145418
0.0008475997
0.0007954947
0.0004015324
0.0002087815
0.0004223683
0.0003793804
0.0004202468
0.0006938074
0.0006211070
0.0009139202
0.0009638019
0.0011247055
0.0006498191
0.0009783221
0.0005992733
0.0004177060
0.0003847131
0.0011658514
0.0012026283
0.0009269987
0.0012420320
0.0010208033
0.0010193042
0.0007132268
0.0006232194
0.0004493962
0.0003365025
0.0006990802
0.0008409703
0.0009046778
0.0012427196
0.0012095107
0.0010596544
0.0008600775
0.0010453396
0.0008847313
0.0007539087
0.0004847890
0.0006093768
0.0009786211
0.0009546093
0.0010230308
0.0006345078
0.0006008136
0.0005332136
0.0009937480
0.0011381193
0.0010992331
0.0011039218
0.0007433806
0.0011335546
0.0006395991
0.0012225105
0.0013973860
0.0012354142
0.0008339637
0.0011732646
0.0010064137
0.0011659100
0.0012739342
0.0013870324
0.0012106679
0.0009976634
0.0010335270
0.0006103928
0.0005360725
0.0008954690
0.0008617331
0.0010190427
0.0014414188
0.0009106141
0.0008886364
0.0015181884
0.0011936161
0.0014819440
0.0011150231
0.0010969620
0.0008861700
0.0011904551
0.0008464280
0.0005704330
0.0006020192
0.0006798952
0.0011270060
0.0010124723
0.0010021947
0.0006031420
0.0004015889
0.0006400992
0.0009645108
0.0009858815
0.0012117407
0.0010911169
0.0012208292
0.0009296157
0.0012001011
0.0011768466
0.0007137167
0.0006730605
0.0006329954
0.0006549840
0.0006223597
0.0008302593
0.0008915790
0.0010999470
0.0006090170
0.0005596153
0.0004744346
0.0007469043
0.0006882554
0.0007062122
0.0006009820
0.0010747687
0.0015165081
0.0010303407
0.0009869984
0.0009817285
0.0009239078
0.0009591257
0.0010262070
0.0009210051
0.0007740506
0.0007287211
0.0008265845
0.0008266501
0.0007646935
0.0011909872
0.0011634612
0.0012778540
0.0012684342
0.0010486387
0.0012175255
0.0008429446
0.0009847304
0.0011690032
0.0006735856
0.0011414749
0.0010022801
0.0006908016
0.0006433486
0.0003277160
0.0008910786
0.0010481875
0.0009065607
0.0012090145
0.0011738370
0.0009079215
0.0013085217
0.0010812418
0.0012235014
0.0008310318
0.0013451039
0.0008172313
0.0011589172
0.0004974686
0.0007745876
0.0006302645
0.0004313150
0.0007504322
0.0006487735
0.0010800783
0.0011873370
0.0009900231
0.0007584554
0.0008620632
0.0010376911
0.0010891523
0.0009750144
0.0013023958
0.0008053130
0.0012250982
0.0011333383
0.0009795323
0.0011346635
0.0011720729
0.0008316863
0.0011963406
0.0010768515
0.0005951261
0.0005572548
0.0005245197
0.0003986393
0.0008141465
0.0008993900
0.0006786464
0.0006261526
0.0008402890
0.0006642474
0.0004857528
0.0007604075
0.0005491736
0.0003257257
0.0003024449
0.0006845967
0.0007212504
0.0006203074
0.0005106758
0.0010748724
0.0012821294
0.0015779270
0.0010197959
0.0011312332
0.0008435326
0.0008885482
0.0007285688
0.0004235135
0.0006094900
0.0005640279
0.0004105174
0.0003474303
0.0003601521
0.0002733915
0.0002393399
0.0004759954
0.0011154457
0.0011038410
0.0010165839
0.0010752319
0.0011538852
0.0012070432
0.0011771983
0.0011998709
0.0009404468
0.0008478589
0.0007326821
0.0006166730
0.0008026151
0.0005615443
0.0008251410
0.0006363508
0.0010378712
0.0008287729
0.0009325480
0.0007111011
0.0004802510
0.0007328049
0.0008291583
0.0005850040
0.0007610746
0.0009637680
0.0009364656
0.0008855144
0.0012431007
0.0012779415
0.0009342283
0.0012019801
0.0008248681
0.0014277810
0.0007807291
0.0010801640
0.0008430535
0.0011752674
0.0009176278
0.0007577086
0.0005421527
0.0008555540
0.0007121557
0.0004268244
0.0003512229
0.0003210101
0.0007106904
0.0008396848
0.0005293875
0.0002456642
0.0003573741
0.0003698504
0.0002827180
0.0006143048
0.0005274560
0.0008528383
0.0010256821
0.0008945778
0.0009343490
0.0011400539
0.0013375327
0.0009618257
0.0006138149
0.0006623385
0.0008031405
0.0006988285
0.0006012890
0.0009997035
0.0012727637
0.0012671777
0.0013056988
0.0013751949
0.0010163861
0.0009180918
0.0010939844
0.0009053782
0.0010808440
0.0004967113
0.0012325254
0.0014043825
0.0012130705
0.0009726705
0.0012453279
0.0010405959
0.0012784761
0.0014348663
0.0013734263
0.0012183177
0.0011993852
0.0013500928
0.0012876702
0.0011805298
0.0011626363
0.0010706457
0.0006264283
0.0004639832
0.0005428478
0.0004965912
0.0006139803
0.0005270723
0.0003487064
0.0004985742
0.0008813844
0.0008340175
0.0009073025
0.0005801400
0.0010441669
0.0013477526
0.0010589187
0.0010066840
0.0011882238
0.0012556311
0.0012544608
0.0005411034
0.0006302208
0.0004462164
0.0005076707
0.0007325111
0.0010224646
0.0005363370
0.0010377942
0.0008018338
0.0009001763
0.0009107863
0.0007395534
0.0007457761
0.0009366575
0.0010747973
0.0013443234
0.0012087434
0.0011592172
0.0011879302
0.0009027227
0.0008908706
0.0013631444
0.0008384687
0.0009765399
0.0010555471
0.0010795651
0.0013413017
0.0008531860
0.0013185243
0.0010490479
0.0011833880
0.0009274045
0.0012211394
0.0012076646
0.0010811397
0.0009491387
0.0008740573
0.0012272514
0.0010914373
0.0009350872
0.0008041080
0.0010487394
0.0007001055
0.0008104622
0.0005325857
0.0004741753
0.0004206188
0.0006602992
0.0005453579
0.0005770433
0.0009586149
0.0007363587
0.0004317975
0.0005818355
0.0005962169
0.0004202079
0.0007874727
0.0007725668
0.0004432931
0.0003080421
0.0004606523
0.0005664638
0.0003817723
0.0003040751
0.0002746757
0.0002639188
0.0009058636
0.0013212071
0.0009412590
0.0009612932
0.0009487670
0.0007248340
0.0009944801
0.0008631342
0.0007614880
0.0008368964
0.0010177553
0.0013080511
0.0011856887
0.0011568080
0.0009387134
0.0011301465
0.0009332129
0.0007482135
0.0009123914
0.0010232571
0.0010388795
0.0010002138
0.0008667070
0.0007636036
0.0005885298
0.0007193985
0.0008818489
0.0010285338
0.0012940602
0.0010520657
0.0012403302
0.0010044357
0.0010455806
0.0009750772
0.0010114988
0.0010472045
0.0008123271
0.0013377292
0.0011069263
0.0011492276
0.0008770648
0.0008084353
0.0009789056
0.0004461662
0.0005817666
0.0006078263
0.0010216562
0.0012382021
0.0007118397
0.0007611881
0.0007422320
0.0005369977
0.0004607931
0.0003852100
0.0005627698
0.0005531666
0.0003603968
0.0003304366
0.0010043227
0.0011301491
0.0010840987
0.0006824247
0.0005194560
0.0005694038
0.0004507667
0.0004665583
0.0011734273
0.0010441609
0.0011670869
0.0012084833
0.0011999260
0.0009371405
0.0004137840
0.0004824179
0.0009467052
0.0012506843
0.0011282670
0.0011453838
0.0005900218
0.0010813660
0.0010433986
0.0008195908
0.0009547970
0.0010946232
0.0007724072
0.0009415976
0.0009906243
0.0008394623
0.0008576067
0.0010358230
0.0009048971
0.0007790006
0.0006698953
0.0005027751
0.0008222047
0.0009975026
0.0006602463
0.0004769345
0.0004976746
0.0002371406
0.0004240035
0.0010175643
0.0011946888
0.0012109574
0.0009701738
0.0008714282
0.0013994871
0.0008864619
0.0010820437
0.0012761089
0.0011635557
0.0009601411
0.0009716211
0.0010431817
0.0010803235
0.0012058246
0.0008576001
0.0008132183
0.0010965428
0.0010881530
0.0011958731
0.0010143272
0.0011439102
0.0011650011
0.0010389761
0.0008283511
0.0011192449
0.0006682417
0.0009389614
0.0010878806
0.0008129171
0.0010937173
0.0007654595
0.0008767345
0.0009642532
0.0011865617
0.0013854442
0.0007782052
0.0004255315
0.0003819284
0.0005307108
0.0006367404
0.0010054059
0.0006450527
0.0007928241
0.0005968809
0.0003594778
0.0005723386
0.0004870952
0.0004960856
0.0007167769
0.0008712675
0.0008869704
0.0010271097
0.0011690500
0.0006436208
0.0004287561
0.0007977815
0.0010068306
0.0008925581
0.0013343671
0.0008187115
0.0009967276
0.0011378254
0.0006362729
0.0006943567
0.0008346693
0.0008980393
0.0008003712
0.0008791563
0.0012742238
0.0014258592
0.0010584819
0.0005952334
0.0009386764
0.0008146886
0.0012080327
0.0009786483
0.0011639267
0.0009495134
0.0009251284
0.0007952249
0.0007980018
0.0006447945
0.0009136777
0.0008067150
0.0005794273
0.0004289821
0.0007109193
0.0008456105
0.0009636430
0.0010522824
0.0008848051
0.0009029519
0.0010336275
0.0004788346
0.0005500162
0.0011024556
0.0012173122
0.0009934804
0.0006934115
0.0003049054
0.0006943525
0.0006525289
0.0007047065
0.0004664380
0.0004716472
0.0003746769
0.0004951640
0.0003988386
0.0003804388
0.0003910111
0.0003895742
0.0003424588
0.0004503706
0.0003424370
0.0002025718
0.0006002816
0.0005531183
0.0009025876
0.0010930367
0.0009992546
0.0011161426
0.0011738847
0.0012401714
0.0007867097
0.0008433006
0.0010310976
0.0010079523
0.0010497570
0.0013111332
0.0007074914
0.0010358798
0.0010845995
0.0010056798
0.0007592816
0.0005781806
0.0007604880
0.0007146428
0.0005445762
0.0005560113
0.0009381379
0.0007527802
0.0007325432
0.0006997683
0.0008787719
0.0005864149
0.0002859313
0.0002655985
0.0003177588
0.0004026113
0.0005595119
0.0007028226
0.0005393772
0.0003619312
