0.0437944293
0.0236029951
0.0145595680
0.0151492559
0.0101080234
0.0129108431
0.0096405609
0.0128190184
0.0104166891
0.0115164679
0.0101044635
0.0113921399
0.0042755614
0.0070724650
0.0095904482
0.0091418144
0.0087265029
0.0063922752
0.0091407339
0.0096327178
0.0066670499
0.0080644503
0.0105735369
0.0099782974
0.0100356285
0.0087544109
0.0087920832
0.0067746613
0.0070492358
0.0097272929
0.0096806612
0.0100247241
0.0048410407
0.0121283499
0.0029866851
0.0076721207
0.0080975128
0.0088159449
0.0089962802
0.0096025561
0.0095723383
0.0095539381
0.0102846130
0.0051833482
0.0075977393
0.0077063628
0.0066418605
0.0079081468
0.0077490482
0.0073519932
0.0072452025
0.0066711757
0.0087531858
0.0073955121
0.0077270722
0.0054325491
0.0064957138
0.0074211574
0.0032687043
0.0069763470
0.0079472921
0.0097958054
0.0100840111
0.0081906200
0.0088370612
0.0093966721
0.0087768691
0.0054136126
0.0049685198
0.0078753417
0.0056054512
0.0047298655
0.0092012065
0.0057621699
0.0068876354
0.0094866490
0.0095434779
0.0083335495
0.0083595037
0.0103584460
0.0084999917
0.0089628604
0.0084139883
0.0060937216
0.0078569093
0.0069405797
0.0072967258
0.0048094399
0.0049573945
0.0051458658
0.0035467263
0.0043093161
0.0045461472
0.0062678681
0.0043222791
0.0032960790
0.0063341175
0.0083873909
0.0075849801
0.0068556140
0.0069359934
0.0058033815
0.0067813505
0.0057053810
0.0068865599
0.0047503845
0.0064711740
0.0078938057
0.0094158207
0.0046778639
0.0067803390
0.0087240210
0.0101894618
0.0100691398
0.0090781907
0.0079749544
0.0075966359
0.0078238128
0.0067460396
0.0095284304
