0.0993651771
0.0678093304
0.0286645032
0.0357115381
0.0241391322
0.0219943693
0.0197847076
0.0224481304
0.0221320130
0.0118672147
0.0228447625
0.0076441319
0.0047488907
0.0051280158
0.0062504079
0.0071765837
0.0057883991
0.0042609711
0.0067486617
0.0062916423
0.0043146814
0.0041546935
0.0044502230
0.0040249749
0.0058544568
0.0059684780
0.0041034212
0.0031131774
0.0030334122
0.0041694550
0.0039864207
0.0033923848
0.0036353264
0.0029342695
0.0025828550
0.0025277138
0.0031060644
0.0049300099
0.0046622937
0.0029166422
0.0024783994
0.0030021799
0.0032102527
0.0025940773
0.0023329066
0.0023005015
0.0025200778
0.0028402468
0.0037343516
0.0075625843
0.0060353427
0.0038842187
0.0048968892
0.0047248854
0.0094358615
0.0132083224
0.0127177460
0.0113493986
0.0133468377
0.0142196811
0.0150486928
0.0095107309
0.0064245503
0.0096878627
0.0112774542
0.0083144642
0.0044612435
0.0020826733
0.0020466739
0.0020118981
0.0019782843
0.0019457755
0.0098994440
0.0087355569
0.0083845010
0.0064443263
0.0042706741
0.0038669536
0.0037233696
0.0037288530
0.0024499941
0.0017829824
0.0023184326
0.0020836151
0.0022098132
0.0028977118
0.0050041884
0.0099092493
0.0130564478
0.0102460572
0.0103972776
0.0105301493
0.0072280223
0.0024749670
0.0036127870
0.0035305182
0.0023752553
0.0026427645
0.0025850638
0.0032219286
0.0054471201
0.0045568969
0.0026439498
0.0021783622
0.0027125399
0.0018757279
0.0013520645
0.0084437724
0.0081788516
0.0087286134
0.0101879195
0.0097049748
0.0112057729
0.0084441733
0.0072580014
0.0071344570
0.0033871738
0.0016729185
0.0019871394
0.0023006884
0.0019678635
0.0016242298
0.0018952193
0.0021871796
0.0018993161
0.0015783880
0.0037391134
0.0061924707
0.0060601680
0.0039994283
