0.0048450378
0.0023658464
0.0020391110
0.0012256700
0.0018607661
0.0012398723
0.0016013946
0.0016985524
0.0009614469
0.0012196674
0.0012201690
0.0014863572
0.0009512504
0.0008293353
0.0010226026
0.0011378745
0.0009004242
0.0010819769
0.0007226513
0.0005884950
0.0008640342
0.0007222493
0.0009379701
0.0009952832
0.0006545695
0.0005967242
0.0008505077
0.0009490420
0.0006463657
0.0006038127
0.0008109511
0.0011782006
0.0008415286
0.0011263696
0.0008464241
0.0008022668
0.0009642180
0.0007138055
0.0010673746
0.0009091958
0.0008966773
0.0009092898
0.0011134954
0.0009875778
0.0008180851
0.0008639089
0.0012844115
0.0009745876
0.0010285048
0.0008447779
0.0010550229
0.0007933775
0.0005692851
0.0009145943
0.0008460648
0.0008860470
0.0008344687
0.0006684095
0.0008297806
0.0008766047
0.0007343785
0.0008850562
0.0011450521
0.0011497706
0.0011724000
0.0007280558
0.0009822619
0.0008868219
0.0012347505
0.0009706272
0.0009701938
0.0010234147
0.0009974269
0.0011815071
0.0008980725
0.0009360395
0.0008289595
0.0009136585
0.0007905537
0.0010100885
0.0010493920
0.0010903210
0.0008312325
0.0009085258
0.0006975496
0.0010918307
0.0009792841
0.0005153638
0.0006928129
0.0005672813
0.0007278535
0.0007192219
0.0006581496
0.0007259261
0.0006194120
0.0008271221
0.0007371231
0.0007441802
0.0010439469
0.0008018364
0.0009185791
0.0011127334
0.0010157942
0.0007872751
0.0008378468
0.0008576553
0.0007303390
0.0008658923
0.0006946382
0.0008061173
0.0012373928
0.0007035961
0.0009498166
0.0004797933
0.0005297714
0.0007468622
0.0009588771
0.0008258569
0.0006316286
0.0007853862
0.0009591104
0.0006975390
0.0009400589
0.0011953768
0.0009197277
0.0008212099
0.0010075951
0.0008582313
0.0009920200
0.0006503615
0.0007748670
0.0009408861
0.0008326435
0.0006987647
0.0005403246
0.0005717327
0.0005400938
0.0004890154
0.0008890973
0.0010008147
0.0011669513
0.0007173747
0.0011144734
0.0009800395
0.0007232207
0.0004228025
0.0005249067
0.0006996944
0.0009778365
0.0009838961
0.0011777505
0.0010608943
0.0008428220
0.0005653143
0.0006236032
0.0007040818
0.0007653925
0.0006719274
0.0009833800
0.0007544073
0.0009762304
0.0002921720
0.0004522978
0.0004110870
0.0003100495
0.0002984822
0.0006387213
0.0008956050
0.0007593597
0.0011934875
0.0009651214
0.0009617012
0.0009863224
0.0007449277
0.0005915436
0.0004411255
0.0004910900
0.0007216477
0.0009911641
0.0005326026
0.0006892749
0.0007537831
0.0004938798
0.0003955123
0.0007633205
0.0008366095
0.0011163888
0.0009819611
0.0011742903
0.0006048277
0.0007576127
0.0005121398
0.0006749548
0.0007333530
0.0008816048
0.0008209012
0.0006764756
0.0007039391
0.0004986768
0.0007250253
0.0006783733
0.0003608444
0.0002388488
0.0002502702
0.0004659702
0.0006934407
0.0007838895
0.0009641666
0.0009710150
0.0012154112
0.0008407454
0.0008072684
0.0008674585
0.0008609830
0.0006154969
0.0004680215
0.0004568174
0.0005143307
0.0003491007
0.0005212879
0.0007821597
0.0007220873
0.0009995593
0.0009721937
0.0011508169
0.0006360935
0.0007084721
0.0007216265
0.0011537008
0.0009307509
0.0008518989
0.0003976500
0.0001984308
0.0002383070
0.0007213742
0.0005006962
0.0008106266
0.0006380444
0.0009546256
0.0010367413
0.0005995399
0.0005817869
0.0006567008
0.0008431006
0.0009139332
0.0007517768
0.0008985040
0.0007554333
0.0005746061
0.0004711621
0.0004799658
0.0007953339
0.0009576141
0.0009500449
0.0011650168
0.0006989594
0.0008438082
0.0007297776
0.0009972565
0.0009365541
0.0008113279
0.0008117235
0.0006960291
0.0008494245
0.0003189278
0.0004614352
0.0003739041
0.0004468149
0.0007037096
0.0007050439
0.0010208223
0.0008573699
0.0008528817
0.0008271676
0.0009729131
0.0009148760
0.0010706242
0.0004420763
0.0006646650
0.0007577121
0.0006714390
0.0011800028
0.0006995031
0.0005967566
0.0004998918
0.0004980633
0.0004908873
0.0003542455
0.0005869408
0.0011124487
0.0010857326
0.0009104732
0.0011640573
0.0012821709
0.0010471346
0.0007129693
0.0007343089
0.0010663095
0.0006283756
0.0003965554
0.0003522963
0.0005633304
0.0008829911
0.0008538089
0.0010805405
0.0009581802
0.0010755462
0.0005434801
0.0003946169
0.0006301742
0.0009337766
0.0007681144
0.0007395685
0.0009222218
0.0006492387
0.0005063035
0.0005055402
0.0007775477
0.0007502293
0.0008853765
0.0007003963
0.0008767030
0.0008839201
0.0008243018
0.0006271941
0.0007745055
0.0006831358
0.0005339318
0.0006470243
0.0010499515
0.0009085874
0.0008019694
0.0007470217
0.0009260178
0.0009007494
0.0005841330
0.0008920424
0.0006744343
0.0006406489
0.0004411443
0.0003215332
0.0009138615
0.0011409393
0.0012063966
0.0011715793
0.0007024303
0.0009451128
0.0008237906
0.0007622956
0.0006006608
0.0007572467
0.0011566824
0.0007961571
0.0009005692
0.0006924016
0.0009305821
0.0009225119
0.0008957992
0.0007967262
0.0003175163
0.0002601274
0.0002403731
0.0002241332
0.0003163282
0.0004175727
0.0004833990
0.0006887570
0.0007408420
0.0005733828
0.0009049367
0.0007927596
0.0008681618
0.0011499544
0.0011558491
0.0009715085
0.0007086691
0.0006172289
0.0004253117
0.0010641134
0.0010990735
0.0010115466
0.0012166819
0.0008157782
0.0011364221
0.0007438405
0.0009659409
0.0007353813
0.0005615562
0.0007212754
0.0008290085
0.0006138697
0.0005434038
0.0003244343
0.0004482450
0.0007701833
0.0008267604
0.0009899468
0.0010585895
0.0009238196
0.0010149519
0.0008331406
0.0006516009
0.0005822345
0.0004061977
0.0009652362
0.0010797937
0.0010398970
0.0010755086
0.0011928200
0.0008843649
0.0009421886
0.0006744391
0.0011097072
0.0009516278
0.0009753898
0.0006700801
0.0012004815
0.0007062760
0.0005362446
0.0008060169
0.0007868472
0.0009462186
0.0007271579
0.0006506355
0.0010419136
0.0007959134
0.0004018599
0.0002039739
0.0003005160
0.0002714726
0.0003756520
0.0007062463
0.0013540088
0.0011655976
0.0003660989
0.0004890497
0.0007277363
0.0010690412
0.0008330890
0.0010028540
0.0012164072
0.0006721254
0.0009075919
0.0006094578
0.0009547022
0.0009485006
0.0008511467
0.0007639573
0.0007391178
0.0008740419
0.0007874301
0.0005463172
0.0004786485
0.0003735346
0.0005852171
0.0006565076
0.0007057110
0.0008576305
0.0008946781
0.0009221425
0.0005381627
0.0006057042
0.0007184950
0.0006743266
0.0003403718
0.0001769803
0.0003580340
0.0003215939
0.0003562356
0.0005881280
0.0005265012
0.0007747137
0.0008169975
0.0009533925
0.0005508400
0.0008293060
0.0005079931
0.0003540818
0.0003261143
0.0009882712
0.0010194463
0.0007858001
0.0010528481
0.0008653165
0.0008640458
0.0006045895
0.0005282919
0.0003809451
0.0002852471
0.0005925977
0.0007128754
0.0007668791
0.0010534310
0.0010252804
0.0008982500
0.0007290722
0.0008861155
0.0007499708
0.0006390748
0.0004109469
0.0005165577
0.0008295594
0.0008092051
0.0008672047
0.0005378608
0.0005092989
0.0004519955
0.0008423822
0.0009647632
0.0009318001
0.0009357746
0.0006301504
0.0009608938
0.0005421766
0.0010363001
0.0011845389
0.0010472384
0.0007069360
0.0009945552
0.0008531188
0.0009883209
0.0010798911
0.0011757624
0.0010262614
0.0008457012
0.0008761022
0.0005174190
0.0004544190
0.0007590729
0.0007304756
0.0008638241
0.0012218647
0.0007719112
0.0007532811
0.0012869409
0.0010118068
0.0012562172
0.0009451850
0.0009298749
0.0007511903
0.0010091273
0.0007175018
0.0004835458
0.0005103208
0.0005763349
0.0009553427
0.0008582545
0.0008495424
0.0005112726
0.0003404196
0.0005426006
0.0008175984
0.0008357140
0.0010271708
0.0009249201
0.0010348749
0.0007880185
0.0010173041
0.0009975916
0.0006050048
0.0005705412
0.0005365788
0.0005552181
0.0005275631
0.0007037959
0.0007557755
0.0009324053
0.0005162527
0.0004743758
0.0004021697
0.0006331373
0.0005834217
0.0005986433
0.0005094416
0.0009110621
0.0012855166
0.0008734012
0.0008366608
0.0008321936
0.0007831800
0.0008130336
0.0008698972
0.0007807195
0.0006561488
0.0006177238
0.0007006808
0.0007007364
0.0006482169
0.0010095783
0.0009862451
0.0010832138
0.0010752288
0.0008889121
0.0010320744
0.0007145490
0.0008347382
0.0009909430
0.0005709864
0.0009676077
0.0008496148
0.0005855801
0.0005453550
0.0002777989
0.0007553513
0.0008885297
0.0007684752
0.0010248598
0.0009950405
0.0007696287
0.0011092102
0.0009165492
0.0010371401
0.0007044507
0.0011402203
0.0006927522
0.0009823933
0.0004216952
0.0006566040
0.0005342639
0.0003656179
0.0006361278
0.0005499536
0.0009155629
0.0010064841
0.0008392248
0.0006429289
0.0007307555
0.0008796320
0.0009232548
0.0008265021
0.0011040174
0.0006826493
0.0010384936
0.0009607105
0.0008303319
0.0009618338
0.0009935451
0.0007050055
0.0010141164
0.0009128276
0.0005044777
0.0004723748
0.0004446259
0.0003379194
0.0006901374
0.0007623967
0.0005752764
0.0005307783
0.0007122979
0.0005630706
0.0004117639
0.0006445837
0.0004655246
0.0002761118
0.0002563770
0.0005803202
0.0006113910
0.0005258234
0.0004328907
0.0009111499
0.0010868380
0.0013375802
0.0008644626
0.0009589260
0.0007150474
0.0007532063
0.0006175946
0.0003590048
0.0005166537
0.0004781163
0.0003479882
0.0002945104
0.0003052944
0.0002317490
0.0002028841
0.0004034927
0.0009455432
0.0009357062
0.0008617398
0.0009114547
0.0009781277
0.0010231888
0.0009978898
0.0010171089
0.0007971998
0.0007187147
0.0006210814
0.0005227426
0.0006803624
0.0004760110
0.0006994571
0.0005394231
0.0008797847
0.0007025359
0.0007905041
0.0006027876
0.0004071001
0.0006211855
0.0007028625
0.0004958973
0.0006451492
0.0008169688
0.0007938250
0.0007506346
0.0010537541
0.0010832880
0.0007919284
0.0010188968
0.0006992258
0.0012103042
0.0006618100
0.0009156356
0.0007146413
0.0009962530
0.0007778565
0.0006422959
0.0004595730
0.0007252377
0.0006036816
0.0003618113
0.0002977253
0.0002721145
0.0006024394
0.0007117857
0.0004487522
0.0002082451
0.0003029396
0.0003135155
0.0002396550
0.0005207351
0.0004471149
0.0007229357
0.0008694522
0.0007583175
0.0007920308
0.0009664031
0.0011338023
0.0008153223
0.0005203198
0.0005614524
0.0006808077
0.0005923843
0.0005097019
0.0008474307
0.0010788989
0.0010741637
0.0011068173
0.0011657279
0.0008615722
0.0007782499
0.0009273509
0.0007674728
0.0009162120
0.0004210532
0.0010447895
0.0011904697
0.0010282980
0.0008245153
0.0010556420
0.0008820944
0.0010837411
0.0012163103
0.0011642287
0.0010327459
0.0010166972
0.0011444494
0.0010915348
0.0010007138
0.0009855458
0.0009075671
0.0005310120
0.0003933102
0.0004601623
0.0004209514
0.0005204600
0.0004467897
0.0002955921
0.0004226324
0.0007471337
0.0007069816
0.0007691040
0.0004917742
0.0008851214
0.0011424656
0.0008976263
0.0008533479
0.0010072359
0.0010643758
0.0010633838
0.0004586836
0.0005342268
0.0003782496
0.0004303433
0.0006209365
0.0008667248
0.0004546432
0.0008797194
0.0006797001
0.0007630633
0.0007720572
0.0006269061
0.0006321809
0.0007939877
0.0009110863
0.0011395587
0.0010246300
0.0009826475
0.0010069870
0.0007652218
0.0007551750
0.0011555129
0.0007107548
0.0008277953
0.0008947682
0.0009151279
0.0011369973
0.0007232304
0.0011176893
0.0008892590
0.0010031367
0.0007861441
0.0010351378
0.0010237155
0.0009164627
0.0008045678
0.0007409226
0.0010403189
0.0009251917
0.0007926566
0.0006816278
0.0008889975
0.0005934668
0.0006870142
0.0004514633
0.0004019499
0.0003565509
0.0005597237
0.0004622900
0.0004891492
0.0008126006
0.0006241980
0.0003660270
0.0004932114
0.0005054023
0.0003562026
0.0006675264
0.0006548910
0.0003757716
0.0002611218
0.0003904867
0.0004801811
0.0003236215
0.0002577590
0.0002328376
0.0002237192
0.0007678842
0.0011199635
0.0007978883
0.0008148709
0.0008042527
0.0006144287
0.0008430029
0.0007316633
0.0006454997
0.0007094220
0.0008627328
0.0011088114
0.0010050870
0.0009806053
0.0007957304
0.0009580048
0.0007910678
0.0006342471
0.0007734177
0.0008673966
0.0008806394
0.0008478632
0.0007346919
0.0006472930
0.0004988861
0.0006098212
0.0007475274
0.0008718695
0.0010969515
0.0008918171
0.0010514056
0.0008514420
0.0008863199
0.0008265553
0.0008574293
0.0008876964
0.0006885951
0.0011339689
0.0009383215
0.0009741795
0.0007434720
0.0006852960
0.0008298006
0.0003782071
0.0004931531
0.0005152434
0.0008660395
0.0010496016
0.0006034137
0.0006452454
0.0006291767
0.0004552033
0.0003906060
0.0003265356
0.0004770498
0.0004689094
0.0003055018
0.0002801051
0.0008513463
0.0009580070
0.0009189709
0.0005784791
0.0004403334
0.0004826734
0.0003821068
0.0003954931
0.0009946932
0.0008851164
0.0009893185
0.0010244095
0.0010171557
0.0007943971
0.0003507573
0.0004089370
0.0008025049
0.0010601825
0.0009564116
0.0009709212
0.0005001509
0.0009166544
0.0008844702
0.0006947524
0.0008093642
0.0009278923
0.0006547557
0.0007981753
0.0008397344
0.0007115970
0.0007269778
0.0008780485
0.0007670650
0.0006603448
0.0005678582
0.0004261934
0.0006969681
0.0008455649
0.0005596789
0.0004042887
0.0004218697
0.0002010198
0.0003594201
0.0008625709
0.0010127162
0.0010265067
0.0008223988
0.0007386940
0.0011863200
0.0007514378
0.0009172289
0.0010817345
0.0009863252
0.0008138943
0.0008236257
0.0008842863
0.0009157707
0.0010221557
0.0007269722
0.0006893505
0.0009295196
0.0009224076
0.0010137200
0.0008598268
0.0009696721
0.0009875505
0.0008807213
0.0007021783
0.0009487637
0.0005664564
0.0007959407
0.0009221768
0.0006890952
0.0009271244
0.0006488662
0.0007431920
0.0008173800
0.0010058270
0.0011744161
0.0006596705
0.0003607154
0.0003237538
0.0004498740
0.0005397534
0.0008522644
0.0005467995
0.0006720627
0.0005059652
0.0003047229
0.0004851611
0.0004129018
0.0004205228
0.0006075988
0.0007385578
0.0007518688
0.0008706623
0.0009909826
0.0005455858
0.0003634488
0.0006762650
0.0008534722
0.0007566054
0.0011311189
0.0006940070
0.0008449080
0.0009645141
0.0005393571
0.0005885936
0.0007075341
0.0007612518
0.0006784602
0.0007452449
0.0010801365
0.0012086751
0.0008972561
0.0005045687
0.0007956991
0.0006905968
0.0010240276
0.0008295825
0.0009866397
0.0008048854
0.0007842146
0.0006740978
0.0006764517
0.0005465807
0.0007745081
0.0006838378
0.0004911700
0.0003636404
0.0006026335
0.0007168087
0.0008168628
0.0008920008
0.0007500333
0.0007654161
0.0008761874
0.0004058995
0.0004662389
0.0009345317
0.0010318936
0.0008421554
0.0005877924
0.0002584628
0.0005885901
0.0005531370
0.0005973670
0.0003953911
0.0003998068
0.0003176068
0.0004197416
0.0003380883
0.0003224911
0.0003314530
0.0003302350
0.0002902962
0.0003817711
0.0002902777
0.0001717164
0.0005088479
0.0004688684
0.0007651072
0.0009265475
0.0008470501
0.0009461340
0.0009950809
0.0010512710
0.0006668796
0.0007148507
0.0008740429
0.0008544230
0.0008898601
0.0011114240
0.0005997277
0.0008780967
0.0009193955
0.0008524966
0.0006436294
0.0004901132
0.0006446520
0.0006057898
0.0004616274
0.0004713208
0.0007952426
0.0006381182
0.0006209637
0.0005931810
0.0007449191
0.0004970933
0.0002423788
0.0002251431
0.0002693584
0.0003412863
0.0004742882
0.0005957700
0.0004572203
0.0003068025
0.0002451847
0.0008172852
0.0003084553
0.0006563364
0.0008556251
0.0011092659
0.0008978648
0.0010444107
0.0008595802
0.0010117715
0.0009094771
0.0007592381
0.0007495616
0.0005648212
0.0005521363
0.0003637019
0.0003115495
0.0005422652
0.0008801748
0.0013140544
0.0007687653
0.0011246298
0.0010064978
0.0009381775
0.0008270272
0.0012338021
0.0008848385
0.0006503211
0.0007366106
0.0008340554
0.0007302716
0.0005195907
0.0006091583
0.0004072898
0.0004934104
0.0005758215
0.0003671246
0.0003883246
0.0008171935
0.0013089038
0.0012911611
0.0009475434
0.0006866176
0.0005594775
0.0005201277
0.0011907747
0.0011278665
0.0009024879
0.0013141016
0.0008026376
0.0009288046
0.0008892947
0.0009862478
0.0007655470
0.0008680433
0.0006508010
0.0008593449
0.0007235037
0.0007824714
0.0006616694
0.0010219551
0.0008145658
0.0011399016
0.0007613769
0.0009843701
0.0010199517
0.0005974816
0.0005306485
0.0006593479
0.0012106576
0.0010043881
0.0010494103
0.0009671203
0.0008513419
0.0007929510
0.0008893661
0.0008216469
0.0006613127
0.0005136220
0.0004601434
0.0005107452
0.0005717603
0.0005816143
0.0005844083
0.0009371799
0.0006122363
0.0008475647
0.0008917285
0.0007705819
0.0007609683
0.0006186081
0.0010328272
0.0009600231
0.0009947476
0.0006902652
0.0009407965
0.0008748077
0.0007567765
0.0009980397
0.0011090738
0.0005953554
0.0005013113
0.0006006329
0.0004528945
0.0003790891
0.0005580719
0.0007184075
0.0007644033
0.0006993220
0.0007443293
0.0008365606
0.0008020177
0.0006440802
0.0009952781
0.0008736795
0.0008802686
0.0006305170
0.0005868379
0.0003254849
0.0004819941
0.0004726894
0.0007316141
0.0008269108
0.0007379841
0.0004813831
0.0004943937
0.0008275280
0.0006363304
0.0008525404
0.0007672588
0.0006649486
0.0010499707
0.0007165026
0.0006578368
0.0004746053
0.0004893813
0.0004722316
0.0004207762
0.0004693157
0.0005776748
0.0004658117
0.0003500879
0.0007657609
0.0008911180
0.0007999588
0.0007848636
0.0008026951
0.0007482022
0.0006640092
0.0006663447
0.0008031166
0.0008533444
0.0008999010
0.0011652248
0.0007826480
0.0004457316
0.0007851758
0.0008167833
0.0009090016
0.0007000826
0.0005440316
0.0004868190
0.0007646502
0.0007581411
0.0006050595
0.0010662527
0.0010952971
0.0006653012
0.0008600242
0.0009933762
0.0011778404
0.0008679282
0.0007762493
0.0006662632
0.0009161378
0.0007877859
0.0008172520
0.0006655433
0.0010147738
0.0007610027
0.0006761997
0.0010561140
0.0008251317
0.0005088553
0.0006710995
0.0008217086
0.0008850409
0.0008912643
0.0010863691
0.0009794978
0.0008268110
0.0007737240
0.0008856356
0.0004988831
0.0006261364
0.0005057690
0.0004617330
0.0006632336
0.0006630632
0.0005003435
