0.0046675465
0.0022791769
0.0019644109
0.0011807693
0.0017925995
0.0011944513
0.0015427297
0.0016363282
0.0009262256
0.0011749866
0.0011754698
0.0014319066
0.0009164027
0.0007989537
0.0009851410
0.0010961900
0.0008674384
0.0010423402
0.0006961780
0.0005669363
0.0008323815
0.0006957907
0.0009036089
0.0009588224
0.0006305902
0.0005748640
0.0008193505
0.0009142752
0.0006226870
0.0005816928
0.0007812430
0.0011350388
0.0008107004
0.0010851066
0.0008154165
0.0007728769
0.0009288952
0.0006876562
0.0010282728
0.0008758887
0.0008638287
0.0008759793
0.0010727040
0.0009513992
0.0007881157
0.0008322608
0.0012373589
0.0009388849
0.0009908270
0.0008138306
0.0010163736
0.0007643132
0.0005484301
0.0008810894
0.0008150704
0.0008535879
0.0008038991
0.0006439232
0.0007993827
0.0008444915
0.0007074756
0.0008526334
0.0011031047
0.0011076503
0.0011294507
0.0007013845
0.0009462781
0.0008543344
0.0011895171
0.0009350696
0.0009346521
0.0009859233
0.0009608876
0.0011382242
0.0008651729
0.0009017489
0.0007985917
0.0008801879
0.0007615928
0.0009730853
0.0010109490
0.0010503786
0.0008007814
0.0008752432
0.0006719958
0.0010518330
0.0009434094
0.0004964842
0.0006674326
0.0005464998
0.0007011896
0.0006928742
0.0006340392
0.0006993328
0.0005967207
0.0007968216
0.0007101196
0.0007169181
0.0010057034
0.0007724622
0.0008849282
0.0010719699
0.0009785820
0.0007584343
0.0008071534
0.0008262363
0.0007035840
0.0008341716
0.0006691911
0.0007765863
0.0011920626
0.0006778208
0.0009150214
0.0004622167
0.0005103639
0.0007195020
0.0009237499
0.0007956028
0.0006084898
0.0007566146
0.0009239747
0.0006719856
0.0009056211
0.0011515858
0.0008860348
0.0007911260
0.0009706832
0.0008267912
0.0009556787
0.0006265364
0.0007464808
0.0009064181
0.0008021408
0.0006731664
0.0005205306
0.0005507881
0.0005203082
0.0004711010
0.0008565264
0.0009641512
0.0011242016
0.0006910947
0.0010736462
0.0009441371
0.0006967265
0.0004073137
0.0005056774
0.0006740621
0.0009420148
0.0009478524
0.0011346053
0.0010220299
0.0008119464
0.0005446048
0.0006007583
0.0006782887
0.0007373534
0.0006473122
0.0009473552
0.0007267706
0.0009404676
0.0002814687
0.0004357285
0.0003960274
0.0002986913
0.0002875477
0.0006153227
0.0008627958
0.0007315416
0.0011497658
0.0009297655
0.0009264706
0.0009501899
0.0007176383
0.0005698732
0.0004249654
0.0004730996
0.0006952112
0.0009548542
0.0005130914
0.0006640243
0.0007261693
0.0004757871
0.0003810232
0.0007353573
0.0008059615
0.0010754915
0.0009459883
0.0011312718
0.0005826707
0.0007298586
0.0004933783
0.0006502288
0.0007064876
0.0008493085
0.0007908286
0.0006516938
0.0006781513
0.0004804085
0.0006984650
0.0006535220
0.0003476253
0.0002300989
0.0002411019
0.0004489001
0.0006680374
0.0007551728
0.0009288457
0.0009354432
0.0011708863
0.0008099459
0.0007776953
0.0008356804
0.0008294421
0.0005929490
0.0004508762
0.0004400825
0.0004954889
0.0003363118
0.0005021913
0.0007535063
0.0006956346
0.0009629418
0.0009365787
0.0011086583
0.0006127911
0.0006825182
0.0006951907
0.0011114366
0.0008966541
0.0008206907
0.0003830826
0.0001911616
0.0002295769
0.0006949476
0.0004823539
0.0007809304
0.0006146706
0.0009196542
0.0009987617
0.0005775766
0.0005604739
0.0006326435
0.0008122148
0.0008804525
0.0007242365
0.0008655886
0.0007277591
0.0005535562
0.0004539017
0.0004623829
0.0007661980
0.0009225332
0.0009152413
0.0011223380
0.0006733540
0.0008128964
0.0007030432
0.0009607234
0.0009022447
0.0007816060
0.0007819871
0.0006705310
0.0008183070
0.0003072443
0.0004445311
0.0003602067
0.0004304465
0.0006779302
0.0006792156
0.0009834259
0.0008259613
0.0008216375
0.0007968655
0.0009372717
0.0008813608
0.0010314034
0.0004258814
0.0006403159
0.0007299544
0.0006468418
0.0011367750
0.0006738778
0.0005748953
0.0004815790
0.0004798175
0.0004729043
0.0003412682
0.0005654390
0.0010716957
0.0010459583
0.0008771192
0.0011214136
0.0012352004
0.0010087742
0.0006868506
0.0007074085
0.0010272467
0.0006053560
0.0003820281
0.0003393904
0.0005426936
0.0008506439
0.0008225308
0.0010409564
0.0009230786
0.0010361451
0.0005235705
0.0003801606
0.0006070887
0.0008995690
0.0007399756
0.0007124755
0.0008884375
0.0006254547
0.0004877558
0.0004870205
0.0007490633
0.0007227456
0.0008529420
0.0006747383
0.0008445862
0.0008515389
0.0007941047
0.0006042177
0.0007461326
0.0006581100
0.0005143719
0.0006233215
0.0010114880
0.0008753026
0.0007725904
0.0007196556
0.0008920944
0.0008677517
0.0005627341
0.0008593637
0.0006497273
0.0006171797
0.0004249836
0.0003097543
0.0008803835
0.0010991425
0.0011622019
0.0011286601
0.0006766977
0.0009104899
0.0007936122
0.0007343699
0.0005786564
0.0007295060
0.0011143089
0.0007669910
0.0008675781
0.0006670364
0.0008964915
0.0008887169
0.0008629828
0.0007675393
0.0003058845
0.0002505980
0.0002315673
0.0002159224
0.0003047400
0.0004022755
0.0004656904
0.0006635253
0.0007137022
0.0005523777
0.0008717855
0.0007637179
0.0008363578
0.0011078274
0.0011135061
0.0009359186
0.0006827080
0.0005946176
0.0004097310
0.0010251311
0.0010588104
0.0009744899
0.0011721104
0.0007858933
0.0010947908
0.0007165909
0.0009305550
0.0007084416
0.0005409844
0.0006948525
0.0007986389
0.0005913814
0.0005234969
0.0003125491
0.0004318241
0.0007419687
0.0007964732
0.0009536814
0.0010198095
0.0008899767
0.0009777706
0.0008026197
0.0006277304
0.0005609051
0.0003913172
0.0009298761
0.0010402369
0.0010018018
0.0010361088
0.0011491227
0.0008519674
0.0009076728
0.0006497319
0.0010690546
0.0009167663
0.0009396577
0.0006455326
0.0011565035
0.0006804026
0.0005166000
0.0007764896
0.0007580222
0.0009115552
0.0007005195
0.0006268004
0.0010037445
0.0007667562
0.0003871383
0.0001965016
0.0002895070
0.0002615275
0.0003618905
0.0006803740
0.0013044066
0.0011228975
0.0003526874
0.0004711340
0.0007010767
0.0010298783
0.0008025700
0.0009661158
0.0011718458
0.0006475030
0.0008743435
0.0005871312
0.0009197280
0.0009137536
0.0008199661
0.0007359708
0.0007120412
0.0008420226
0.0007585837
0.0005263036
0.0004611139
0.0003598507
0.0005637785
0.0006324573
0.0006798582
0.0008262124
0.0008619028
0.0008883610
0.0005184478
0.0005835150
0.0006921739
0.0006496235
0.0003279027
0.0001704969
0.0003449179
0.0003098128
0.0003431854
0.0005665828
0.0005072136
0.0007463331
0.0007870679
0.0009184663
0.0005306607
0.0007989255
0.0004893835
0.0003411105
0.0003141676
0.0009520672
0.0009821003
0.0007570134
0.0010142785
0.0008336168
0.0008323926
0.0005824412
0.0005089386
0.0003669897
0.0002747975
0.0005708887
0.0006867602
0.0007387855
0.0010148400
0.0009877207
0.0008653438
0.0007023637
0.0008536539
0.0007224967
0.0006156632
0.0003958924
0.0004976344
0.0007991697
0.0007795610
0.0008354359
0.0005181570
0.0004906414
0.0004354373
0.0008115227
0.0009294204
0.0008976649
0.0009014938
0.0006070657
0.0009256928
0.0005223147
0.0009983367
0.0011411450
0.0010088742
0.0006810384
0.0009581211
0.0008218659
0.0009521151
0.0010403308
0.0011326899
0.0009886657
0.0008147201
0.0008440074
0.0004984641
0.0004377720
0.0007312653
0.0007037157
0.0008321791
0.0011771034
0.0007436333
0.0007256857
0.0012397956
0.0009747407
0.0012101974
0.0009105594
0.0008958102
0.0007236715
0.0009721593
0.0006912171
0.0004658318
0.0004916259
0.0005552217
0.0009203450
0.0008268135
0.0008184206
0.0004925429
0.0003279488
0.0005227232
0.0007876468
0.0008050987
0.0009895418
0.0008910370
0.0009969637
0.0007591505
0.0009800366
0.0009610462
0.0005828412
0.0005496403
0.0005169219
0.0005348785
0.0005082366
0.0006780133
0.0007280887
0.0008982479
0.0004973405
0.0004569977
0.0003874367
0.0006099432
0.0005620488
0.0005767129
0.0004907789
0.0008776866
0.0012384234
0.0008414054
0.0008060108
0.0008017073
0.0007544893
0.0007832492
0.0008380297
0.0007521189
0.0006321116
0.0005950943
0.0006750123
0.0006750659
0.0006244704
0.0009725938
0.0009501154
0.0010435317
0.0010358393
0.0008563481
0.0009942658
0.0006883724
0.0008041587
0.0009546411
0.0005500691
0.0009321607
0.0008184903
0.0005641282
0.0005253766
0.0002676221
0.0007276800
0.0008559796
0.0007403231
0.0009873155
0.0009585885
0.0007414344
0.0010685758
0.0008829726
0.0009991459
0.0006786441
0.0010984499
0.0006673742
0.0009464046
0.0004062469
0.0006325502
0.0005146919
0.0003522240
0.0006128241
0.0005298068
0.0008820225
0.0009696130
0.0008084809
0.0006193761
0.0007039852
0.0008474079
0.0008894326
0.0007962243
0.0010635733
0.0006576414
0.0010004498
0.0009255161
0.0007999138
0.0009265983
0.0009571479
0.0006791786
0.0009769656
0.0008793874
0.0004859968
0.0004550700
0.0004283377
0.0003255401
0.0006648551
0.0007344673
0.0005542019
0.0005113339
0.0006862038
0.0005424432
0.0003966795
0.0006209703
0.0004484707
0.0002659969
0.0002469850
0.0005590610
0.0005889935
0.0005065606
0.0004170324
0.0008777712
0.0010470232
0.0012885798
0.0008327942
0.0009237971
0.0006888526
0.0007256137
0.0005949699
0.0003458531
0.0004977268
0.0004606012
0.0003352401
0.0002837214
0.0002941104
0.0002232592
0.0001954517
0.0003887113
0.0009109045
0.0009014278
0.0008301712
0.0008780648
0.0009422953
0.0009857057
0.0009613334
0.0009798485
0.0007679955
0.0006923856
0.0005983289
0.0005035926
0.0006554382
0.0004585730
0.0006738335
0.0005196620
0.0008475550
0.0006767994
0.0007615451
0.0005807053
0.0003921865
0.0005984292
0.0006771141
0.0004777308
0.0006215151
0.0007870403
0.0007647443
0.0007231361
0.0010151512
0.0010436032
0.0007629172
0.0009815710
0.0006736106
0.0011659664
0.0006375655
0.0008820925
0.0006884614
0.0009597566
0.0007493608
0.0006187663
0.0004427372
0.0006986696
0.0005815665
0.0003485569
0.0002868186
0.0002621460
0.0005803699
0.0006857104
0.0004323128
0.0002006163
0.0002918418
0.0003020303
0.0002308755
0.0005016587
0.0004307355
0.0006964519
0.0008376010
0.0007305376
0.0007630158
0.0009310002
0.0010922670
0.0007854541
0.0005012586
0.0005408843
0.0006558672
0.0005706831
0.0004910297
0.0008163862
0.0010393749
0.0010348132
0.0010662706
0.0011230231
0.0008300097
0.0007497398
0.0008933786
0.0007393574
0.0008826478
0.0004056285
0.0010065151
0.0011468585
0.0009906277
0.0007943103
0.0010169700
0.0008497801
0.0010440397
0.0011717524
0.0011215788
0.0009949127
0.0009794519
0.0011025240
0.0010515479
0.0009640540
0.0009494417
0.0008743196
0.0005115591
0.0003789018
0.0004433048
0.0004055304
0.0005013937
0.0004304222
0.0002847635
0.0004071498
0.0007197634
0.0006810823
0.0007409289
0.0004737588
0.0008526962
0.0011006129
0.0008647430
0.0008220867
0.0009703372
0.0010253839
0.0010244282
0.0004418803
0.0005146562
0.0003643929
0.0004145783
0.0005981893
0.0008349735
0.0004379880
0.0008474921
0.0006548002
0.0007351095
0.0007437739
0.0006039402
0.0006090218
0.0007649010
0.0008777099
0.0010978125
0.0009870941
0.0009466496
0.0009700974
0.0007371889
0.0007275102
0.0011131823
0.0006847172
0.0007974701
0.0008619896
0.0008816034
0.0010953449
0.0006967358
0.0010767443
0.0008566822
0.0009663882
0.0007573448
0.0009972170
0.0009862131
0.0008828893
0.0007750936
0.0007137799
0.0010022082
0.0008912986
0.0007636187
0.0006566573
0.0008564303
0.0005717260
0.0006618464
0.0004349245
0.0003872250
0.0003434892
0.0005392190
0.0004453547
0.0004712299
0.0007828321
0.0006013314
0.0003526181
0.0004751433
0.0004868876
0.0003431537
0.0006430725
0.0006309000
0.0003620057
0.0002515559
0.0003761817
0.0004625904
0.0003117661
0.0002483163
0.0002243079
0.0002155236
0.0007397538
0.0010789352
0.0007686588
0.0007850192
0.0007747900
0.0005919200
0.0008121206
0.0007048598
0.0006218527
0.0006834333
0.0008311278
0.0010681916
0.0009682670
0.0009446822
0.0007665799
0.0009229096
0.0007620881
0.0006110123
0.0007450846
0.0008356207
0.0008483784
0.0008168029
0.0007077775
0.0006235803
0.0004806101
0.0005874812
0.0007201428
0.0008399298
0.0010567662
0.0008591466
0.0010128888
0.0008202506
0.0008538507
0.0007962756
0.0008260186
0.0008551768
0.0006633693
0.0010924275
0.0009039474
0.0009384918
0.0007162359
0.0006601911
0.0007994020
0.0003643520
0.0004750871
0.0004963682
0.0008343134
0.0010111509
0.0005813084
0.0006216077
0.0006061276
0.0004385275
0.0003762967
0.0003145734
0.0004595738
0.0004517315
0.0002943102
0.0002698439
0.0008201584
0.0009229117
0.0008853057
0.0005572874
0.0004242024
0.0004649913
0.0003681088
0.0003810047
0.0009582540
0.0008526913
0.0009530762
0.0009868816
0.0009798936
0.0007652954
0.0003379077
0.0003939562
0.0007731063
0.0010213442
0.0009213748
0.0009353528
0.0004818285
0.0008830741
0.0008520688
0.0006693011
0.0007797143
0.0008939003
0.0006307696
0.0007689353
0.0008089719
0.0006855287
0.0007003459
0.0008458824
0.0007389646
0.0006361540
0.0005470555
0.0004105804
0.0006714357
0.0008145888
0.0005391758
0.0003894782
0.0004064151
0.0001936558
0.0003462533
0.0008309718
0.0009756167
0.0009889021
0.0007922714
0.0007116330
0.0011428608
0.0007239099
0.0008836275
0.0010421067
0.0009501925
0.0007840784
0.0007934533
0.0008518917
0.0008822227
0.0009847105
0.0007003405
0.0006640971
0.0008954679
0.0008886165
0.0009765838
0.0008283283
0.0009341495
0.0009513729
0.0008484573
0.0006764550
0.0009140070
0.0005457051
0.0007667825
0.0008883941
0.0006638511
0.0008931605
0.0006250959
0.0007159662
0.0007874364
0.0009689799
0.0011313929
0.0006355044
0.0003475011
0.0003118935
0.0004333935
0.0005199803
0.0008210429
0.0005267683
0.0006474426
0.0004874299
0.0002935598
0.0004673879
0.0003977757
0.0004051176
0.0005853403
0.0007115017
0.0007243251
0.0008387668
0.0009546793
0.0005255990
0.0003501344
0.0006514910
0.0008222064
0.0007288882
0.0010896819
0.0006685830
0.0008139560
0.0009291804
0.0005195985
0.0005670313
0.0006816145
0.0007333643
0.0006536058
0.0007179439
0.0010405672
0.0011643970
0.0008643863
0.0004860845
0.0007665498
0.0006652978
0.0009865137
0.0007991919
0.0009504955
0.0007753995
0.0007554860
0.0006494031
0.0006516708
0.0005265574
0.0007461351
0.0006587863
0.0004731767
0.0003503189
0.0005805568
0.0006905494
0.0007869382
0.0008593236
0.0007225569
0.0007373761
0.0008440895
0.0003910299
0.0004491588
0.0009002964
0.0009940916
0.0008113042
0.0005662595
0.0002489944
0.0005670279
0.0005328736
0.0005754832
0.0003809064
0.0003851604
0.0003059717
0.0004043649
0.0003257029
0.0003106771
0.0003193107
0.0003181373
0.0002796616
0.0003677854
0.0002796438
0.0001654258
0.0004902070
0.0004516921
0.0007370786
0.0008926047
0.0008160196
0.0009114737
0.0009586274
0.0010127591
0.0006424494
0.0006886632
0.0008420235
0.0008231224
0.0008572613
0.0010707085
0.0005777575
0.0008459288
0.0008857147
0.0008212666
0.0006200509
0.0004721586
0.0006210360
0.0005835976
0.0004447163
0.0004540546
0.0007661100
0.0006147417
0.0005982156
0.0005714506
0.0007176300
0.0004788830
0.0002334996
0.0002168953
0.0002594908
0.0003287838
0.0004569133
0.0005739448
0.0004404707
0.0002955632
0.0002362027
0.0007873450
0.0002971554
0.0006322924
0.0008242805
0.0010686295
0.0008649728
0.0010061502
0.0008280906
0.0009747066
0.0008761597
0.0007314244
0.0007221024
0.0005441297
0.0005319095
0.0003503782
0.0003001363
0.0005224001
0.0008479308
0.0012659158
0.0007406026
0.0010834305
0.0009696262
0.0009038086
0.0007967302
0.0011886034
0.0008524237
0.0006264975
0.0007096259
0.0008035010
0.0007035191
0.0005005563
0.0005868426
0.0003923693
0.0004753350
0.0005547271
0.0003536755
0.0003740989
0.0007872567
0.0012609539
0.0012438612
0.0009128315
0.0006614643
0.0005389818
0.0005010735
0.0011471523
0.0010865486
0.0008694265
0.0012659613
0.0007732341
0.0008947791
0.0008567166
0.0009501180
0.0007375022
0.0008362437
0.0006269598
0.0008278640
0.0006969992
0.0007538067
0.0006374300
0.0009845171
0.0007847253
0.0010981429
0.0007334849
0.0009483090
0.0009825872
0.0005755937
0.0005112089
0.0006351936
0.0011663068
0.0009675937
0.0010109666
0.0009316912
0.0008201542
0.0007639023
0.0008567854
0.0007915470
0.0006370864
0.0004948062
0.0004432867
0.0004920347
0.0005508147
0.0005603076
0.0005629993
0.0009028476
0.0005898079
0.0008165153
0.0008590613
0.0007423527
0.0007330912
0.0005959462
0.0009949910
0.0009248540
0.0009583064
0.0006649783
0.0009063317
0.0008427603
0.0007290531
0.0009614779
0.0010684444
0.0005735453
0.0004829464
0.0005786296
0.0004363033
0.0003652017
0.0005376277
0.0006920896
0.0007364004
0.0006737033
0.0007170619
0.0008059143
0.0007726369
0.0006204852
0.0009588175
0.0008416734
0.0008480212
0.0006074189
0.0005653399
0.0003135612
0.0004643369
0.0004553731
0.0007048125
0.0007966181
0.0007109490
0.0004637483
0.0004762823
0.0007972126
0.0006130194
0.0008213088
0.0007391513
0.0006405891
0.0010115064
0.0006902545
0.0006337378
0.0004572188
0.0004714535
0.0004549320
0.0004053616
0.0004521230
0.0005565125
0.0004487474
0.0003372629
0.0007377083
0.0008584732
0.0007706534
0.0007561112
0.0007732895
0.0007207928
0.0006396841
0.0006419341
0.0007736956
0.0008220833
0.0008669343
0.0011225384
0.0007539768
0.0004294029
0.0007564120
0.0007868616
0.0008757016
0.0006744360
0.0005241018
0.0004689850
0.0007366383
0.0007303676
0.0005828940
0.0010271920
0.0010551724
0.0006409288
0.0008285184
0.0009569852
0.0011346918
0.0008361329
0.0007478125
0.0006418556
0.0008825764
0.0007589264
0.0007873131
0.0006411621
0.0009775990
0.0007331244
0.0006514280
0.0010174247
0.0007949041
0.0004902141
0.0006465147
0.0007916065
0.0008526186
0.0008586140
0.0010465714
0.0009436153
0.0007965219
0.0007453797
0.0008531916
0.0004806072
0.0006031987
0.0004872409
0.0004448181
0.0006389370
0.0006387728
0.0004820141
0.0003577146
0.0006518137
0.0009403766
0.0009324321
0.0005604155
0.0007368029
0.0008709764
0.0007656912
0.0009410769
0.0006577996
0.0006595688
0.0006730939
0.0003745174
0.0005821039
0.0006837055
0.0004318115
0.0004325079
0.0003894598
0.0003961095
0.0003434802
0.0003933952
0.0006546980
0.0006541605
0.0007575706
0.0013042894
0.0009191544
0.0010758150
0.0005602165
0.0005056323
0.0008109701
0.0007350824
0.0008361039
0.0010128598
0.0009791424
0.0009810104
0.0007095346
0.0008923792
0.0007995087
0.0008783508
0.0009180785
0.0008084310
0.0010302677
0.0009106304
0.0008155005
0.0010839827
0.0008715297
0.0007386565
0.0007553164
0.0004486975
0.0004112028
