0.0375710484
0.0202489057
0.0124905894
0.0129964800
0.0086716288
0.0110761556
0.0082705949
0.0109973796
0.0089364318
0.0098799272
0.0086685748
0.0097732668
0.0036679853
0.0060674367
0.0082276033
0.0078427224
0.0074864285
0.0054839048
0.0078417955
0.0082638662
0.0057196328
0.0069184565
0.0090709908
0.0085603375
0.0086095216
0.0075103706
0.0075426895
0.0058119522
0.0060475084
0.0083450019
0.0083049967
0.0086001667
0.0041531075
0.0104048581
0.0025622640
0.0065818787
0.0069468206
0.0075631604
0.0077178693
0.0082379907
0.0082120670
0.0081962815
0.0088231243
0.0044467717
0.0065180672
0.0066112548
0.0056980229
0.0067843643
0.0066478744
0.0063072427
0.0062156274
0.0057231723
0.0075093196
0.0063445774
0.0066290213
0.0046605600
0.0055726444
0.0063665784
0.0028042070
0.0059849774
0.0068179470
0.0084037784
0.0086510288
0.0070266969
0.0075812759
0.0080613637
0.0075296375
0.0046443144
0.0042624713
0.0067562210
0.0048088920
0.0040577308
0.0078936746
0.0049433403
0.0059088721
0.0081385545
0.0081873078
0.0071493155
0.0071715815
0.0088864653
0.0072921055
0.0076891985
0.0072183236
0.0052277770
0.0067404080
0.0059542928
0.0062598290
0.0041259974
0.0042529269
0.0044146156
0.0030427209
0.0036969434
0.0039001197
0.0053771765
0.0037080642
0.0028276917
0.0054340116
0.0071955058
0.0065071211
0.0058814012
0.0059503583
0.0049786955
0.0058176908
0.0048946213
0.0059079495
0.0040753340
0.0055515918
0.0067720613
0.0080777912
0.0040131189
0.0058168230
0.0074842993
0.0087414945
0.0086382708
0.0077881399
0.0068416783
0.0065171205
0.0067120146
0.0057873977
0.0081743985
0.0067156997
0.0092754443
0.0078480622
0.0069323270
0.0061940506
0.0071241571
0.0050546947
0.0083539614
0.0087891139
0.0067870868
0.0059474278
0.0076684183
0.0071300250
0.0042448165
0.0088314687
0.0084165099
0.0072074407
0.0075787454
0.0080473322
0.0039576124
