0.0043557693
0.0021269352
0.0018331946
0.0011018977
0.0016728596
0.0011146658
0.0014396803
0.0015270268
0.0008643567
0.0010965012
0.0010969522
0.0013362598
0.0008551899
0.0007455862
0.0009193367
0.0010229680
0.0008094963
0.0009727152
0.0006496755
0.0005290668
0.0007767811
0.0006493141
0.0008432507
0.0008947761
0.0005884688
0.0005364649
0.0007646205
0.0008532045
0.0005810935
0.0005428376
0.0007290585
0.0010592219
0.0007565482
0.0010126250
0.0007609493
0.0007212512
0.0008668480
0.0006417230
0.0009595874
0.0008173821
0.0008061277
0.0008174666
0.0010010508
0.0008878488
0.0007354721
0.0007766684
0.0011547073
0.0008761704
0.0009246429
0.0007594693
0.0009484831
0.0007132595
0.0005117968
0.0008222354
0.0007606263
0.0007965709
0.0007502012
0.0006009112
0.0007459865
0.0007880821
0.0006602185
0.0007956802
0.0010294209
0.0010336628
0.0010540071
0.0006545343
0.0008830697
0.0007972676
0.0011100612
0.0008726100
0.0008722203
0.0009200668
0.0008967034
0.0010621945
0.0008073821
0.0008415150
0.0007452483
0.0008213942
0.0007107208
0.0009080863
0.0009434208
0.0009802166
0.0007472918
0.0008167797
0.0006271087
0.0009815739
0.0008803926
0.0004633206
0.0006228503
0.0005099953
0.0006543524
0.0006465924
0.0005916874
0.0006526196
0.0005568617
0.0007435965
0.0006626859
0.0006690303
0.0009385256
0.0007208642
0.0008258179
0.0010003658
0.0009132158
0.0007077733
0.0007532381
0.0007710464
0.0006565869
0.0007784516
0.0006244913
0.0007247128
0.0011124367
0.0006325445
0.0008539009
0.0004313421
0.0004762732
0.0006714415
0.0008620464
0.0007424591
0.0005678446
0.0007060752
0.0008622562
0.0006270991
0.0008451285
0.0010746636
0.0008268505
0.0007382813
0.0009058447
0.0007715642
0.0008918425
0.0005846858
0.0006966183
0.0008458722
0.0007485603
0.0006282011
0.0004857608
0.0005139972
0.0004855533
0.0004396329
0.0007993132
0.0008997490
0.0010491085
0.0006449318
0.0010019301
0.0008810718
0.0006501874
0.0003801065
0.0004718998
0.0006290369
0.0008790913
0.0008845389
0.0010588173
0.0009537616
0.0007577109
0.0005082269
0.0005606296
0.0006329812
0.0006881006
0.0006040739
0.0008840749
0.0006782246
0.0008776473
0.0002626675
0.0004066233
0.0003695741
0.0002787397
0.0002683404
0.0005742211
0.0008051638
0.0006826769
0.0010729651
0.0008676601
0.0008645854
0.0008867202
0.0006697023
0.0005318075
0.0003965791
0.0004414981
0.0006487733
0.0008910730
0.0004788186
0.0006196696
0.0006776635
0.0004440061
0.0003555721
0.0006862378
0.0007521259
0.0010036521
0.0008827993
0.0010557065
0.0005437502
0.0006811064
0.0004604222
0.0006067956
0.0006592965
0.0007925774
0.0007380038
0.0006081628
0.0006328529
0.0004483187
0.0006518098
0.0006098689
0.0003244051
0.0002147290
0.0002249971
0.0004189150
0.0006234146
0.0007047297
0.0008668018
0.0008729586
0.0010926748
0.0007558441
0.0007257477
0.0007798596
0.0007740380
0.0005533419
0.0004207591
0.0004106864
0.0004623918
0.0003138473
0.0004686465
0.0007031745
0.0006491685
0.0008986204
0.0008740182
0.0010346035
0.0005718586
0.0006369281
0.0006487542
0.0010371962
0.0008367605
0.0007658712
0.0003574939
0.0001783926
0.0002142419
0.0006485273
0.0004501342
0.0007287667
0.0005736125
0.0008582242
0.0009320476
0.0005389964
0.0005230360
0.0005903850
0.0007579614
0.0008216411
0.0006758598
0.0008077700
0.0006791471
0.0005165804
0.0004235825
0.0004314972
0.0007150184
0.0008609110
0.0008541061
0.0010473694
0.0006283761
0.0007585975
0.0006560822
0.0008965502
0.0008419776
0.0007293972
0.0007297528
0.0006257417
0.0007636467
0.0002867214
0.0004148379
0.0003361460
0.0004016940
0.0006326466
0.0006338462
0.0009177362
0.0007707898
0.0007667548
0.0007436374
0.0008746650
0.0008224887
0.0009625089
0.0003974339
0.0005975449
0.0006811958
0.0006036348
0.0010608421
0.0006288649
0.0005364941
0.0004494111
0.0004477672
0.0004413158
0.0003184726
0.0005276695
0.0010001099
0.0009760916
0.0008185305
0.0010465068
0.0011526929
0.0009413913
0.0006409712
0.0006601559
0.0009586300
0.0005649201
0.0003565099
0.0003167202
0.0005064434
0.0007938236
0.0007675884
0.0009714238
0.0008614199
0.0009669339
0.0004885977
0.0003547671
0.0005665371
0.0008394807
0.0006905476
0.0006648844
0.0008290927
0.0005836763
0.0004551753
0.0004544890
0.0006990283
0.0006744685
0.0007959682
0.0006296679
0.0007881705
0.0007946588
0.0007410610
0.0005638579
0.0006962933
0.0006141504
0.0004800135
0.0005816856
0.0009439238
0.0008168352
0.0007209838
0.0006715849
0.0008325054
0.0008097886
0.0005251452
0.0008019610
0.0006063276
0.0005759540
0.0003965960
0.0002890637
0.0008215767
0.0010257233
0.0010845705
0.0010532692
0.0006314965
0.0008496721
0.0007406014
0.0006853163
0.0005400040
0.0006807773
0.0010398766
0.0007157585
0.0008096266
0.0006224805
0.0008366087
0.0008293535
0.0008053383
0.0007162701
0.0002854524
0.0002338589
0.0002160994
0.0002014995
0.0002843843
0.0003754048
0.0004345837
0.0006192039
0.0006660292
0.0005154807
0.0008135531
0.0007127040
0.0007804918
0.0010338281
0.0010391275
0.0008734022
0.0006371053
0.0005548990
0.0003823623
0.0009566556
0.0009880853
0.0009093971
0.0010938172
0.0007333981
0.0010216623
0.0006687249
0.0008683969
0.0006611200
0.0005048483
0.0006484386
0.0007452924
0.0005518790
0.0004885290
0.0002916719
0.0004029797
0.0006924076
0.0007432713
0.0008899786
0.0009516895
0.0008305291
0.0009124586
0.0007490073
0.0005858000
0.0005234385
0.0003651785
0.0008677633
0.0009707525
0.0009348846
0.0009669000
0.0010723650
0.0007950587
0.0008470432
0.0006063319
0.0009976452
0.0008555292
0.0008768916
0.0006024131
0.0010792528
0.0006349539
0.0004820928
0.0007246225
0.0007073887
0.0008506662
0.0006537271
0.0005849321
0.0009366976
0.0007155393
0.0003612787
0.0001833759
0.0002701689
0.0002440583
0.0003377174
0.0006349272
0.0012172764
0.0010478916
0.0003291290
0.0004396638
0.0006542470
0.0009610857
0.0007489609
0.0009015823
0.0010935702
0.0006042519
0.0008159402
0.0005479127
0.0008582931
0.0008527177
0.0007651950
0.0006868103
0.0006644792
0.0007857782
0.0007079127
0.0004911482
0.0004303129
0.0003358138
0.0005261199
0.0005902112
0.0006344459
0.0007710241
0.0008043305
0.0008290214
0.0004838172
0.0005445381
0.0006459389
0.0006062308
0.0003059999
0.0001591083
0.0003218785
0.0002891183
0.0003202617
0.0005287369
0.0004733333
0.0006964805
0.0007344943
0.0008571157
0.0004952143
0.0007455599
0.0004566943
0.0003183254
0.0002931822
0.0008884722
0.0009164991
0.0007064473
0.0009465279
0.0007779339
0.0007767915
0.0005435360
0.0004749432
0.0003424759
0.0002564419
0.0005327551
0.0006408868
0.0006894370
0.0009470519
0.0009217441
0.0008075416
0.0006554480
0.0007966325
0.0006742362
0.0005745389
0.0003694481
0.0004643940
0.0007457877
0.0007274888
0.0007796314
0.0004835458
0.0004578681
0.0004063515
0.0007573156
0.0008673381
0.0008377038
0.0008412769
0.0005665156
0.0008638595
0.0004874258
0.0009316510
0.0010649201
0.0009414847
0.0006355472
0.0008941217
0.0007669679
0.0008885169
0.0009708400
0.0010570299
0.0009226260
0.0007602995
0.0007876304
0.0004651683
0.0004085302
0.0006824191
0.0006567097
0.0007765922
0.0010984767
0.0006939609
0.0006772122
0.0011569812
0.0009096311
0.0011293601
0.0008497370
0.0008359730
0.0006753326
0.0009072222
0.0006450460
0.0004347157
0.0004587869
0.0005181347
0.0008588689
0.0007715850
0.0007637527
0.0004596426
0.0003060429
0.0004878069
0.0007350345
0.0007513207
0.0009234436
0.0008315185
0.0009303697
0.0007084417
0.0009145733
0.0008968514
0.0005439093
0.0005129260
0.0004823932
0.0004991503
0.0004742880
0.0006327242
0.0006794547
0.0008382478
0.0004641197
0.0004264717
0.0003615572
0.0005692009
0.0005245058
0.0005381903
0.0004579965
0.0008190599
0.0011557007
0.0007852022
0.0007521719
0.0007481558
0.0007040918
0.0007309307
0.0007820520
0.0007018797
0.0005898886
0.0005553439
0.0006299236
0.0006299737
0.0005827578
0.0009076277
0.0008866507
0.0009738272
0.0009666486
0.0007991468
0.0009278520
0.0006423914
0.0007504435
0.0008908742
0.0005133262
0.0008698954
0.0007638178
0.0005264462
0.0004902832
0.0002497458
0.0006790733
0.0007988029
0.0006908719
0.0009213659
0.0008945579
0.0006919089
0.0009971984
0.0008239929
0.0009324061
0.0006333129
0.0010250770
0.0006227957
0.0008831878
0.0003791110
0.0005902979
0.0004803121
0.0003286966
0.0005718895
0.0004944174
0.0008231062
0.0009048459
0.0007544770
0.0005780038
0.0006569613
0.0007908038
0.0008300214
0.0007430391
0.0009925300
0.0006137130
0.0009336230
0.0008636946
0.0007464821
0.0008647045
0.0008932135
0.0006338116
0.0009117075
0.0008206471
0.0004535338
0.0004246728
0.0003997261
0.0003037951
0.0006204449
0.0006854073
0.0005171830
0.0004771785
0.0006403676
0.0005062098
0.0003701825
0.0005794915
0.0004185143
0.0002482291
0.0002304872
0.0005217175
0.0005496506
0.0004727240
0.0003891759
0.0008191389
0.0009770854
0.0012025068
0.0007771662
0.0008620904
0.0006428395
0.0006771450
0.0005552278
0.0003227512
0.0004644802
0.0004298345
0.0003128471
0.0002647697
0.0002744647
0.0002083462
0.0001823962
0.0003627466
0.0008500590
0.0008412154
0.0007747184
0.0008194129
0.0008793530
0.0009198637
0.0008971194
0.0009143978
0.0007166958
0.0006461364
0.0005583625
0.0004699542
0.0006116570
0.0004279418
0.0006288236
0.0004849503
0.0007909410
0.0006315914
0.0007106763
0.0005419160
0.0003659897
0.0005584560
0.0006318851
0.0004458199
0.0005799999
0.0007344685
0.0007136618
0.0006748329
0.0009473424
0.0009738939
0.0007119568
0.0009160052
0.0006286156
0.0010880835
0.0005949782
0.0008231716
0.0006424744
0.0008956480
0.0006993059
0.0005774347
0.0004131638
0.0006520007
0.0005427198
0.0003252744
0.0002676600
0.0002446354
0.0005416030
0.0006399071
0.0004034357
0.0001872158
0.0002723477
0.0002818557
0.0002154538
0.0004681495
0.0004019637
0.0006499312
0.0007816519
0.0006817400
0.0007120488
0.0008688124
0.0010193071
0.0007329883
0.0004677761
0.0005047550
0.0006120574
0.0005325633
0.0004582304
0.0007618542
0.0009699480
0.0009656910
0.0009950472
0.0010480087
0.0007745677
0.0006996596
0.0008337038
0.0006899707
0.0008236898
0.0003785338
0.0009392831
0.0010702520
0.0009244570
0.0007412529
0.0009490397
0.0007930175
0.0009743012
0.0010934831
0.0010466609
0.0009284557
0.0009140276
0.0010288790
0.0009813079
0.0008996583
0.0008860220
0.0008159179
0.0004773886
0.0003535924
0.0004136935
0.0003784423
0.0004679022
0.0004016714
0.0002657422
0.0003799535
0.0006716856
0.0006355882
0.0006914372
0.0004421132
0.0007957389
0.0010270955
0.0008069809
0.0007671739
0.0009055218
0.0009568915
0.0009559997
0.0004123641
0.0004802788
0.0003400527
0.0003868858
0.0005582322
0.0007792000
0.0004087318
0.0007908823
0.0006110616
0.0006860065
0.0006940922
0.0005635990
0.0005683411
0.0007138081
0.0008190817
0.0010244822
0.0009211593
0.0008834164
0.0009052980
0.0006879471
0.0006789148
0.0010388253
0.0006389803
0.0007442017
0.0008044115
0.0008227151
0.0010221794
0.0006501961
0.0010048212
0.0007994586
0.0009018365
0.0007067566
0.0009306061
0.0009203372
0.0008239151
0.0007233198
0.0006661017
0.0009352639
0.0008317627
0.0007126114
0.0006127947
0.0007992235
0.0005335365
0.0006176372
0.0004058730
0.0003613596
0.0003205452
0.0005032009
0.0004156064
0.0004397533
0.0007305414
0.0005611644
0.0003290643
0.0004434053
0.0004543651
0.0003202321
0.0006001173
0.0005887579
0.0003378249
0.0002347528
0.0003510540
0.0004316908
0.0002909411
0.0002317296
0.0002093249
0.0002011273
0.0006903407
0.0010068657
0.0007173148
0.0007325825
0.0007230365
0.0005523816
0.0007578736
0.0006577774
0.0005803149
0.0006377822
0.0007756111
0.0009968398
0.0009035898
0.0008815804
0.0007153749
0.0008612622
0.0007111830
0.0005701987
0.0006953153
0.0007798039
0.0007917094
0.0007622431
0.0006605002
0.0005819271
0.0004485069
0.0005482393
0.0006720395
0.0007838252
0.0009861776
0.0008017584
0.0009452310
0.0007654605
0.0007968162
0.0007430870
0.0007708432
0.0007980538
0.0006190584
0.0010194569
0.0008435666
0.0008758036
0.0006683937
0.0006160925
0.0007460045
0.0003400144
0.0004433528
0.0004632123
0.0007785839
0.0009436093
0.0005424789
0.0005800863
0.0005656403
0.0004092353
0.0003511613
0.0002935609
0.0004288757
0.0004215573
0.0002746512
0.0002518192
0.0007653744
0.0008612642
0.0008261701
0.0005200623
0.0003958671
0.0004339314
0.0003435204
0.0003555548
0.0008942457
0.0007957343
0.0008894137
0.0009209611
0.0009144398
0.0007141761
0.0003153366
0.0003676411
0.0007214652
0.0009531217
0.0008598299
0.0008728742
0.0004496439
0.0008240876
0.0007951534
0.0006245939
0.0007276319
0.0008341906
0.0005886362
0.0007175728
0.0007549351
0.0006397375
0.0006535651
0.0007893801
0.0006896041
0.0005936609
0.0005105139
0.0003831549
0.0006265859
0.0007601769
0.0005031606
0.0003634623
0.0003792679
0.0001807202
0.0003231247
0.0007754655
0.0009104486
0.0009228466
0.0007393502
0.0006640982
0.0010665213
0.0006755550
0.0008246040
0.0009724973
0.0008867227
0.0007317045
0.0007404532
0.0007949881
0.0008232931
0.0009189350
0.0006535600
0.0006197375
0.0008356535
0.0008292598
0.0009113511
0.0007729986
0.0008717513
0.0008878243
0.0007917831
0.0006312700
0.0008529543
0.0005092537
0.0007155639
0.0008290522
0.0006195080
0.0008335002
0.0005833415
0.0006681419
0.0007348382
0.0009042552
0.0010558195
0.0005930547
0.0003242891
0.0002910601
0.0004044442
0.0004852472
0.0007661998
0.0004915818
0.0006041955
0.0004548711
0.0002739509
0.0004361679
0.0003712056
0.0003780570
0.0005462414
0.0006639757
0.0006759425
0.0007827399
0.0008909098
0.0004904906
0.0003267465
0.0006079735
0.0007672856
0.0006802008
0.0010168947
0.0006239238
0.0007595863
0.0008671142
0.0004848910
0.0005291554
0.0006360849
0.0006843780
0.0006099470
0.0006699876
0.0009710607
0.0010866190
0.0008066481
0.0004536156
0.0007153467
0.0006208580
0.0009206178
0.0007458084
0.0008870054
0.0007236053
0.0007050220
0.0006060251
0.0006081413
0.0004913851
0.0006962957
0.0006147815
0.0004415700
0.0003269187
0.0005417775
0.0006444230
0.0007343732
0.0008019235
0.0006742924
0.0006881217
0.0007877070
0.0003649104
0.0004191565
0.0008401595
0.0009276895
0.0007571117
0.0005284351
0.0002323624
0.0005291523
0.0004972793
0.0005370428
0.0003554631
0.0003594330
0.0002855338
0.0003773546
0.0003039470
0.0002899248
0.0002979818
0.0002968868
0.0002609811
0.0003432185
0.0002609645
0.0001543759
0.0004574627
0.0004215205
0.0006878441
0.0008329816
0.0007615121
0.0008505901
0.0008945942
0.0009451100
0.0005995358
0.0006426627
0.0007857790
0.0007681405
0.0007999990
0.0009991886
0.0005391652
0.0007894235
0.0008265518
0.0007664086
0.0005786335
0.0004406199
0.0005795528
0.0005446151
0.0004150107
0.0004237252
0.0007149363
0.0005736789
0.0005582567
0.0005332795
0.0006696947
0.0004468951
0.0002179025
0.0002024073
0.0002421577
0.0003068221
0.0004263929
0.0005356071
0.0004110487
0.0002758206
0.0002204251
0.0007347529
0.0002773064
0.0005900573
0.0007692212
0.0009972484
0.0008071954
0.0009389426
0.0007727768
0.0009095994
0.0008176350
0.0006825676
0.0006738683
0.0005077836
0.0004963797
0.0003269741
0.0002800882
0.0004875054
0.0007912918
0.0011813567
0.0006911327
0.0010110609
0.0009048583
0.0008434371
0.0007435111
0.0011092085
0.0007954845
0.0005846494
0.0006622251
0.0007498297
0.0006565263
0.0004671207
0.0005476434
0.0003661603
0.0004435841
0.0005176731
0.0003300511
0.0003491103
0.0007346705
0.0011767262
0.0011607752
0.0008518572
0.0006172806
0.0005029796
0.0004676034
0.0010705262
0.0010139707
0.0008113516
0.0011813992
0.0007215845
0.0008350108
0.0007994907
0.0008866532
0.0006882395
0.0007803853
0.0005850809
0.0007725653
0.0006504419
0.0007034548
0.0005948518
0.0009187545
0.0007323082
0.0010247905
0.0006844905
0.0008849650
0.0009169535
0.0005371459
0.0004770618
0.0005927647
0.0010884013
0.0009029615
0.0009434372
0.0008694572
0.0007653705
0.0007128761
0.0007995549
0.0007386742
0.0005945311
0.0004617547
0.0004136765
0.0004591684
0.0005140220
0.0005228809
0.0005253927
0.0008425403
0.0005504106
0.0007619747
0.0008016788
0.0006927659
0.0006841231
0.0005561389
0.0009285288
0.0008630767
0.0008942946
0.0006205598
0.0008457917
0.0007864667
0.0006803546
0.0008972542
0.0009970758
0.0005352344
0.0004506872
0.0005399790
0.0004071596
0.0003408074
0.0005017159
0.0006458602
0.0006872112
0.0006287020
0.0006691644
0.0007520818
0.0007210272
0.0005790388
0.0008947715
0.0007854523
0.0007913761
0.0005668452
0.0005275771
0.0002926163
0.0004333207
0.0004249556
0.0006577332
0.0007434066
0.0006634599
0.0004327714
0.0004444682
0.0007439614
0.0005720716
0.0007664480
0.0006897784
0.0005977998
0.0009439411
0.0006441477
0.0005914062
0.0004266780
0.0004399619
0.0004245440
0.0003782847
0.0004219226
0.0005193393
0.0004187725
0.0003147348
0.0006884318
0.0008011299
0.0007191762
0.0007056054
0.0007216362
0.0006726462
0.0005969553
0.0005990549
0.0007220152
0.0007671708
0.0008090259
0.0010475564
0.0007036136
0.0004007201
0.0007058861
0.0007343017
0.0008172075
0.0006293858
0.0004890935
0.0004376583
0.0006874332
0.0006815814
0.0005439586
0.0009585788
0.0009846902
0.0005981168
0.0007731760
0.0008930617
0.0010588980
0.0007802819
0.0006978610
0.0005989817
0.0008236231
0.0007082326
0.0007347231
0.0005983345
0.0009122985
0.0006841541
0.0006079147
0.0009494640
0.0007418071
0.0004574693
0.0006033296
0.0007387297
0.0007956664
0.0008012614
0.0009766638
0.0008805848
0.0007433168
0.0006955907
0.0007962011
0.0004485042
0.0005629070
0.0004546948
0.0004151056
0.0005962580
0.0005961049
0.0004498171
0.0003338204
0.0006082747
0.0008775625
0.0008701486
0.0005229816
0.0006875868
0.0008127979
0.0007145455
0.0008782160
0.0006138606
0.0006155117
0.0006281334
0.0003495008
0.0005432212
0.0006380362
0.0004029679
0.0004036178
0.0003634451
0.0003696507
0.0003205368
0.0003671177
0.0006109663
0.0006104647
0.0007069674
0.0012171670
0.0008577578
0.0010039540
0.0005227959
0.0004718577
0.0007567999
0.0006859812
0.0007802548
0.0009452040
0.0009137388
0.0009154820
0.0006621399
0.0008327711
0.0007461041
0.0008196797
0.0008567538
0.0007544304
0.0009614491
0.0008498032
0.0007610276
0.0010115761
0.0008133143
0.0006893166
0.0007048637
0.0004187260
0.0003837358
0.0004345545
0.0002592549
0.0003569520
0.0002716167
0.0003385392
0.0002888839
0.0002719260
0.0003311979
0.0006447841
0.0009865035
0.0008223704
0.0010097352
0.0010111852
0.0008121357
0.0008287152
0.0006314252
0.0005334578
0.0004387808
0.0003357114
0.0004868079
0.0010586501
0.0007407970
0.0008447459
0.0011028040
0.0009438206
0.0007621535
0.0008072735
0.0008907055
0.0007388188
0.0008483292
0.0008544533
0.0005413419
0.0006619936
0.0003200737
0.0009350190
0.0010550568
0.0008546465
0.0007674541
0.0007351901
0.0004331264
0.0002778400
0.0003770223
0.0003327942
0.0002842641
0.0003844065
0.0007545203
0.0008684336
0.0006172848
0.0005978043
0.0006178927
0.0004383034
0.0003279746
0.0002940230
0.0004886273
0.0005418380
0.0003059690
0.0002620751
0.0002995119
0.0002792218
0.0004291515
0.0006368964
0.0007765158
0.0006420568
0.0008933001
0.0008905234
0.0007905483
0.0007571637
0.0007966616
0.0007577940
0.0010233477
0.0008671019
0.0007804438
0.0005746316
0.0007402361
0.0006396968
0.0006613964
0.0007678052
0.0006986603
0.0007030272
0.0009349453
0.0008590311
0.0009729738
0.0005029913
0.0006501811
0.0006898209
0.0002275377
0.0003702663
0.0009216709
0.0010633279
0.0010532798
0.0008984530
0.0008373994
0.0009267023
0.0006268153
0.0010092620
0.0008302723
0.0005828179
0.0009028431
0.0008891332
0.0008793147
