0.0354517615
0.0191067166
0.0117860272
0.0122633817
0.0081824844
0.0104513779
0.0078040717
0.0103770455
0.0084323505
0.0093226257
0.0081796026
0.0092219817
0.0034610836
0.0057251880
0.0077635052
0.0074003344
0.0070641382
0.0051745717
0.0073994598
0.0077977226
0.0053970029
0.0065282040
0.0085593194
0.0080774707
0.0081238804
0.0070867298
0.0071172256
0.0054841148
0.0057063839
0.0078742816
0.0078365331
0.0081150533
0.0039188413
0.0098179466
0.0024177332
0.0062106117
0.0065549682
0.0071365418
0.0072825240
0.0077733067
0.0077488452
0.0077339502
0.0083254344
0.0041959406
0.0061503996
0.0062383308
0.0053766120
0.0064016757
0.0062728847
0.0059514672
0.0058650197
0.0054003428
0.0070857381
0.0059866959
0.0062550951
0.0043976697
0.0052583057
0.0060074559
0.0026460289
0.0056473801
0.0064333640
0.0079297427
0.0081630464
0.0066303389
0.0071536355
0.0076066428
0.0071049098
0.0043823405
0.0040220361
0.0063751199
0.0045376346
0.0038288445
0.0074484126
0.0046644991
0.0055755677
0.0076794794
0.0077254826
0.0067460409
0.0067670509
0.0083852025
0.0068807764
0.0072554705
0.0068111564
0.0049328914
0.0063601988
0.0056184263
0.0059067281
0.0038932604
0.0040130302
0.0041655984
0.0028710888
0.0034884082
0.0036801239
0.0050738637
0.0034989018
0.0026681888
0.0051274929
0.0067896257
0.0061400710
0.0055496463
0.0056147137
0.0046978600
0.0054895297
0.0046185282
0.0055746971
0.0038454548
0.0052384406
0.0063900666
0.0076221436
0.0037867491
0.0054887109
0.0070621290
0.0082484091
0.0081510079
0.0073488308
0.0064557567
0.0061495064
0.0063334070
0.0054609454
0.0077133016
0.0063368842
0.0087522401
0.0074053731
0.0065412921
0.0058446600
0.0067223016
0.0047695722
0.0078827358
0.0082933424
0.0064042446
0.0056119486
0.0072358624
0.0067278385
0.0040053772
0.0083333080
0.0079417560
0.0068008874
0.0071512477
0.0075934028
0.0037343736
0.0041222719
0.0048248003
0.0065969112
0.0067532890
0.0038412400
0.0067002820
0.0074783722
0.0034824774
0.0057301754
0.0068776290
