0.0042063031
0.0020539504
0.0017702894
0.0010640866
0.0016154562
0.0010764165
0.0013902783
0.0014746275
0.0008346967
0.0010588753
0.0010593108
0.0012904067
0.0008258445
0.0007200017
0.0008877901
0.0009878654
0.0007817188
0.0009393369
0.0006273822
0.0005109121
0.0007501262
0.0006270332
0.0008143149
0.0008640723
0.0005682758
0.0005180564
0.0007383829
0.0008239272
0.0005611535
0.0005242104
0.0007040412
0.0010228752
0.0007305876
0.0009778772
0.0007348377
0.0006965018
0.0008371025
0.0006197025
0.0009266596
0.0007893341
0.0007784658
0.0007894157
0.0009667002
0.0008573827
0.0007102347
0.0007500174
0.0011150840
0.0008461050
0.0008929142
0.0007334085
0.0009159364
0.0006887844
0.0004942347
0.0007940208
0.0007345257
0.0007692370
0.0007244584
0.0005802912
0.0007203883
0.0007610395
0.0006375634
0.0007683768
0.0009940968
0.0009981932
0.0010178393
0.0006320742
0.0008527676
0.0007699097
0.0010719700
0.0008426668
0.0008422905
0.0008884951
0.0008659334
0.0010257458
0.0007796772
0.0008126388
0.0007196755
0.0007932084
0.0006863328
0.0008769257
0.0009110478
0.0009465810
0.0007216488
0.0007887523
0.0006055897
0.0009478917
0.0008501824
0.0004474220
0.0006014774
0.0004924951
0.0006318986
0.0006244049
0.0005713839
0.0006302252
0.0005377532
0.0007180803
0.0006399461
0.0006460728
0.0009063205
0.0006961281
0.0007974803
0.0009660387
0.0008818793
0.0006834864
0.0007273911
0.0007445883
0.0006340564
0.0007517394
0.0006030622
0.0006998446
0.0010742639
0.0006108390
0.0008245997
0.0004165408
0.0004599301
0.0006484013
0.0008324657
0.0007169819
0.0005483593
0.0006818465
0.0008326683
0.0006055805
0.0008161283
0.0010377870
0.0007984775
0.0007129475
0.0008747611
0.0007450883
0.0008612393
0.0005646226
0.0006727141
0.0008168465
0.0007228738
0.0006066446
0.0004690922
0.0004963596
0.0004688918
0.0004245471
0.0007718852
0.0008688745
0.0010131089
0.0006228012
0.0009675493
0.0008508382
0.0006278765
0.0003670633
0.0004557068
0.0006074518
0.0008489257
0.0008541864
0.0010224844
0.0009210337
0.0007317104
0.0004907874
0.0005413919
0.0006112608
0.0006644887
0.0005833453
0.0008537383
0.0006549517
0.0008475313
0.0002536542
0.0003926702
0.0003568923
0.0002691749
0.0002591325
0.0005545170
0.0007775349
0.0006592512
0.0010361468
0.0008378868
0.0008349175
0.0008562928
0.0006467218
0.0005135588
0.0003829707
0.0004263483
0.0006265109
0.0008604963
0.0004623881
0.0005984059
0.0006544098
0.0004287702
0.0003433708
0.0006626898
0.0007263170
0.0009692122
0.0008525065
0.0010194804
0.0005250916
0.0006577345
0.0004446230
0.0005859736
0.0006366731
0.0007653805
0.0007126795
0.0005872939
0.0006111369
0.0004329349
0.0006294433
0.0005889415
0.0003132733
0.0002073607
0.0002172764
0.0004045401
0.0006020225
0.0006805472
0.0008370579
0.0008430034
0.0010551802
0.0007299076
0.0007008440
0.0007530991
0.0007474773
0.0005343542
0.0004063210
0.0003965939
0.0004465250
0.0003030778
0.0004525651
0.0006790454
0.0006268925
0.0008677847
0.0008440267
0.0009991016
0.0005522356
0.0006150722
0.0006264925
0.0010016053
0.0008080474
0.0007395907
0.0003452267
0.0001722712
0.0002068903
0.0006262734
0.0004346881
0.0007037594
0.0005539293
0.0008287747
0.0009000648
0.0005205009
0.0005050883
0.0005701262
0.0007319523
0.0007934468
0.0006526680
0.0007800518
0.0006558425
0.0004988542
0.0004090475
0.0004166906
0.0006904829
0.0008313692
0.0008247979
0.0010114294
0.0006068137
0.0007325666
0.0006335690
0.0008657855
0.0008130856
0.0007043683
0.0007047117
0.0006042697
0.0007374426
0.0002768827
0.0004006029
0.0003246113
0.0003879101
0.0006109376
0.0006120960
0.0008862445
0.0007443405
0.0007404439
0.0007181199
0.0008446513
0.0007942654
0.0009294809
0.0003837962
0.0005770404
0.0006578209
0.0005829214
0.0010244398
0.0006072857
0.0005180846
0.0004339897
0.0004324023
0.0004261723
0.0003075443
0.0005095628
0.0009657916
0.0009425975
0.0007904430
0.0010105964
0.0011131388
0.0009090879
0.0006189766
0.0006375029
0.0009257350
0.0005455351
0.0003442764
0.0003058521
0.0004890650
0.0007665839
0.0007412489
0.0009380899
0.0008318607
0.0009337540
0.0004718317
0.0003425935
0.0005470966
0.0008106743
0.0006668518
0.0006420692
0.0008006428
0.0005636478
0.0004395561
0.0004388935
0.0006750415
0.0006513245
0.0007686549
0.0006080611
0.0007611248
0.0007673905
0.0007156318
0.0005445093
0.0006724003
0.0005930761
0.0004635421
0.0005617253
0.0009115335
0.0007888058
0.0006962436
0.0006485398
0.0008039384
0.0007820011
0.0005071251
0.0007744420
0.0005855217
0.0005561904
0.0003829870
0.0002791446
0.0007933846
0.0009905261
0.0010473540
0.0010171268
0.0006098270
0.0008205160
0.0007151880
0.0006618000
0.0005214740
0.0006574168
0.0010041937
0.0006911975
0.0007818447
0.0006011204
0.0008079009
0.0008008946
0.0007777035
0.0006916916
0.0002756572
0.0002258341
0.0002086840
0.0001945851
0.0002746258
0.0003625229
0.0004196712
0.0005979562
0.0006431747
0.0004977922
0.0007856364
0.0006882479
0.0007537096
0.0009983528
0.0010034703
0.0008434318
0.0006152433
0.0005358579
0.0003692417
0.0009238284
0.0009541796
0.0008781916
0.0010562834
0.0007082319
0.0009866044
0.0006457780
0.0008385983
0.0006384340
0.0004875247
0.0006261877
0.0007197181
0.0005329416
0.0004717653
0.0002816633
0.0003891516
0.0006686479
0.0007177663
0.0008594394
0.0009190327
0.0008020299
0.0008811480
0.0007233054
0.0005656986
0.0005054769
0.0003526476
0.0008379864
0.0009374415
0.0009028045
0.0009337213
0.0010355673
0.0007677766
0.0008179773
0.0005855259
0.0009634115
0.0008261721
0.0008468015
0.0005817416
0.0010422188
0.0006131657
0.0004655500
0.0006997575
0.0006831150
0.0008214760
0.0006312947
0.0005648605
0.0009045553
0.0006909859
0.0003488816
0.0001770834
0.0002608981
0.0002356836
0.0003261288
0.0006131399
0.0011755061
0.0010119336
0.0003178351
0.0004245769
0.0006317969
0.0009281065
0.0007232606
0.0008706450
0.0010560449
0.0005835173
0.0007879416
0.0005291113
0.0008288412
0.0008234571
0.0007389377
0.0006632427
0.0006416779
0.0007588146
0.0006836210
0.0004742947
0.0004155469
0.0003242905
0.0005080664
0.0005699584
0.0006126752
0.0007445667
0.0007767303
0.0008005739
0.0004672152
0.0005258525
0.0006237738
0.0005854282
0.0002954996
0.0001536485
0.0003108334
0.0002791973
0.0003092721
0.0005105935
0.0004570911
0.0006725811
0.0007092905
0.0008277042
0.0004782212
0.0007199763
0.0004410230
0.0003074023
0.0002831218
0.0008579847
0.0008850499
0.0006822059
0.0009140482
0.0007512395
0.0007501362
0.0005248848
0.0004586457
0.0003307240
0.0002476422
0.0005144739
0.0006188950
0.0006657793
0.0009145543
0.0008901149
0.0007798312
0.0006329566
0.0007692965
0.0006511001
0.0005548238
0.0003567706
0.0004484585
0.0007201963
0.0007025254
0.0007528787
0.0004669531
0.0004421566
0.0003924077
0.0007313287
0.0008375758
0.0008089583
0.0008124089
0.0005470759
0.0008342165
0.0004707000
0.0008996818
0.0010283779
0.0009091780
0.0006137387
0.0008634403
0.0007406498
0.0008580278
0.0009375261
0.0010207584
0.0008909665
0.0007342101
0.0007606033
0.0004492062
0.0003945117
0.0006590022
0.0006341750
0.0007499438
0.0010607830
0.0006701480
0.0006539740
0.0011172799
0.0008784176
0.0010906066
0.0008205787
0.0008072869
0.0006521589
0.0008760913
0.0006229115
0.0004197986
0.0004430438
0.0005003551
0.0008293972
0.0007451084
0.0007375449
0.0004438701
0.0002955412
0.0004710681
0.0007098122
0.0007255395
0.0008917560
0.0008029854
0.0008984445
0.0006841319
0.0008831901
0.0008660764
0.0005252453
0.0004953252
0.0004658401
0.0004820222
0.0004580130
0.0006110125
0.0006561395
0.0008094837
0.0004481937
0.0004118375
0.0003491505
0.0005496690
0.0005065076
0.0005197225
0.0004422805
0.0007909543
0.0011160434
0.0007582583
0.0007263615
0.0007224832
0.0006799312
0.0007058491
0.0007552162
0.0006777951
0.0005696469
0.0005362876
0.0006083081
0.0006083564
0.0005627607
0.0008764829
0.0008562257
0.0009404107
0.0009334785
0.0007717244
0.0008960132
0.0006203480
0.0007246923
0.0008603042
0.0004957117
0.0008400453
0.0007376077
0.0005083814
0.0004734593
0.0002411759
0.0006557713
0.0007713924
0.0006671650
0.0008897497
0.0008638616
0.0006681664
0.0009629800
0.0007957180
0.0009004110
0.0006115810
0.0009899019
0.0006014248
0.0008528817
0.0003661019
0.0005700421
0.0004638304
0.0003174175
0.0005522653
0.0004774517
0.0007948617
0.0008737966
0.0007285874
0.0005581698
0.0006344180
0.0007636677
0.0008015396
0.0007175421
0.0009584718
0.0005926537
0.0009015862
0.0008340574
0.0007208670
0.0008350326
0.0008625633
0.0006120627
0.0008804226
0.0007924870
0.0004379710
0.0004101004
0.0003860097
0.0002933705
0.0005991546
0.0006618878
0.0004994361
0.0004608043
0.0006183937
0.0004888394
0.0003574799
0.0005596065
0.0004041532
0.0002397112
0.0002225782
0.0005038150
0.0005307896
0.0004565027
0.0003758215
0.0007910305
0.0009435571
0.0011612434
0.0007504981
0.0008325082
0.0006207807
0.0006539091
0.0005361754
0.0003116762
0.0004485418
0.0004150849
0.0003021119
0.0002556843
0.0002650466
0.0002011969
0.0001761373
0.0003502991
0.0008208896
0.0008123494
0.0007481343
0.0007912951
0.0008491784
0.0008882990
0.0008663352
0.0008830206
0.0006921028
0.0006239645
0.0005392025
0.0004538280
0.0005906683
0.0004132572
0.0006072458
0.0004683094
0.0007638003
0.0006099186
0.0006862898
0.0005233204
0.0003534310
0.0005392929
0.0006102022
0.0004305218
0.0005600974
0.0007092655
0.0006891728
0.0006516763
0.0009148348
0.0009404751
0.0006875263
0.0008845729
0.0006070449
0.0010507465
0.0005745618
0.0007949248
0.0006204281
0.0008649142
0.0006753096
0.0005576203
0.0003989863
0.0006296276
0.0005240966
0.0003141127
0.0002584754
0.0002362409
0.0005230182
0.0006179490
0.0003895920
0.0001807916
0.0002630022
0.0002721839
0.0002080606
0.0004520851
0.0003881705
0.0006276291
0.0007548299
0.0006583464
0.0006876152
0.0008389995
0.0009843301
0.0007078361
0.0004517246
0.0004874346
0.0005910549
0.0005142887
0.0004425065
0.0007357115
0.0009366647
0.0009325538
0.0009609026
0.0010120468
0.0007479888
0.0006756511
0.0008050956
0.0006662947
0.0007954253
0.0003655446
0.0009070521
0.0010335268
0.0008927347
0.0007158171
0.0009164738
0.0007658055
0.0009408685
0.0010559608
0.0010107452
0.0008965962
0.0008826632
0.0009935735
0.0009476348
0.0008687869
0.0008556186
0.0007879200
0.0004610072
0.0003414590
0.0003994978
0.0003654562
0.0004518464
0.0003878882
0.0002566234
0.0003669156
0.0006486370
0.0006137782
0.0006677109
0.0004269423
0.0007684334
0.0009918512
0.0007792897
0.0007408487
0.0008744492
0.0009240562
0.0009231950
0.0003982141
0.0004637982
0.0003283839
0.0003736100
0.0005390767
0.0007524621
0.0003947064
0.0007637436
0.0005900933
0.0006624665
0.0006702747
0.0005442593
0.0005488388
0.0006893141
0.0007909753
0.0009893275
0.0008895502
0.0008531024
0.0008742331
0.0006643405
0.0006556182
0.0010031785
0.0006170540
0.0007186648
0.0007768085
0.0007944841
0.0009871038
0.0006278849
0.0009703412
0.0007720255
0.0008708904
0.0006825046
0.0008986728
0.0008887563
0.0007956429
0.0006984994
0.0006432448
0.0009031708
0.0008032211
0.0006881585
0.0005917670
0.0007717985
0.0005152285
0.0005964432
0.0003919456
0.0003489597
0.0003095458
0.0004859338
0.0004013451
0.0004246633
0.0007054732
0.0005419083
0.0003177726
0.0004281900
0.0004387738
0.0003092435
0.0005795246
0.0005685549
0.0003262326
0.0002266974
0.0003390077
0.0004168775
0.0002809576
0.0002237779
0.0002021420
0.0001942257
0.0006666519
0.0009723156
0.0006927005
0.0007074442
0.0006982258
0.0005334269
0.0007318675
0.0006352061
0.0005604017
0.0006158970
0.0007489964
0.0009626337
0.0008725836
0.0008513294
0.0006908271
0.0008317084
0.0006867791
0.0005506326
0.0006714559
0.0007530453
0.0007645423
0.0007360871
0.0006378355
0.0005619586
0.0004331166
0.0005294268
0.0006489788
0.0007569286
0.0009523374
0.0007742464
0.0009127959
0.0007391941
0.0007694739
0.0007175883
0.0007443921
0.0007706689
0.0005978157
0.0009844747
0.0008146200
0.0008457508
0.0006454581
0.0005949516
0.0007204057
0.0003283470
0.0004281394
0.0004473174
0.0007518672
0.0009112298
0.0005238640
0.0005601809
0.0005462306
0.0003951926
0.0003391114
0.0002834875
0.0004141590
0.0004070918
0.0002652267
0.0002431781
0.0007391109
0.0008317103
0.0007978205
0.0005022166
0.0003822831
0.0004190412
0.0003317326
0.0003433541
0.0008635601
0.0007684290
0.0008588939
0.0008893588
0.0008830613
0.0006896695
0.0003045160
0.0003550257
0.0006967085
0.0009204157
0.0008303253
0.0008429220
0.0004342146
0.0007958094
0.0007678681
0.0006031612
0.0007026635
0.0008055657
0.0005684375
0.0006929497
0.0007290299
0.0006177852
0.0006311383
0.0007622929
0.0006659407
0.0005732897
0.0004929959
0.0003700071
0.0006050849
0.0007340918
0.0004858949
0.0003509902
0.0003662535
0.0001745188
0.0003120368
0.0007488558
0.0008792070
0.0008911795
0.0007139797
0.0006413099
0.0010299241
0.0006523737
0.0007963081
0.0009391265
0.0008562953
0.0007065964
0.0007150449
0.0007677084
0.0007950422
0.0008874021
0.0006311334
0.0005984715
0.0008069784
0.0008008041
0.0008800785
0.0007464735
0.0008418375
0.0008573590
0.0007646134
0.0006096082
0.0008236856
0.0004917789
0.0006910096
0.0008006037
0.0005982499
0.0008048991
0.0005633244
0.0006452149
0.0007096226
0.0008732261
0.0010195896
0.0005727043
0.0003131613
0.0002810725
0.0003905659
0.0004685962
0.0007399081
0.0004747134
0.0005834628
0.0004392624
0.0002645504
0.0004212010
0.0003584678
0.0003650842
0.0005274974
0.0006411917
0.0006527479
0.0007558805
0.0008603386
0.0004736597
0.0003155343
0.0005871111
0.0007409566
0.0006568600
0.0009820004
0.0006025142
0.0007335215
0.0008373595
0.0004682521
0.0005109977
0.0006142579
0.0006608938
0.0005890169
0.0006469972
0.0009377392
0.0010493322
0.0007789683
0.0004380500
0.0006907999
0.0005995536
0.0008890272
0.0007202164
0.0008565682
0.0006987751
0.0006808295
0.0005852296
0.0005872732
0.0004745234
0.0006724026
0.0005936856
0.0004264178
0.0003157006
0.0005231866
0.0006223099
0.0007091736
0.0007744059
0.0006511544
0.0006645092
0.0007606772
0.0003523886
0.0004047733
0.0008113298
0.0008958563
0.0007311317
0.0005103021
0.0002243890
0.0005109947
0.0004802154
0.0005186144
0.0003432656
0.0003470992
0.0002757358
0.0003644059
0.0002935172
0.0002799762
0.0002877567
0.0002866992
0.0002520256
0.0003314411
0.0002520096
0.0001490786
0.0004417651
0.0004070562
0.0006642410
0.0008043982
0.0007353812
0.0008214025
0.0008638966
0.0009126790
0.0005789630
0.0006206100
0.0007588154
0.0007417821
0.0007725474
0.0009649019
0.0005206640
0.0007623348
0.0007981890
0.0007401096
0.0005587779
0.0004255003
0.0005596657
0.0005259269
0.0004007698
0.0004091853
0.0006904036
0.0005539934
0.0005391004
0.0005149803
0.0006467144
0.0004315601
0.0002104253
0.0001954618
0.0002338481
0.0002962936
0.0004117615
0.0005172280
0.0003969437
0.0002663559
0.0002128613
0.0007095402
0.0002677908
0.0005698098
0.0007428257
0.0009630283
0.0007794968
0.0009067232
0.0007462594
0.0008783869
0.0007895782
0.0006591456
0.0006507448
0.0004903592
0.0004793466
0.0003157541
0.0002704771
0.0004707769
0.0007641390
0.0011408190
0.0006674169
0.0009763668
0.0008738085
0.0008144949
0.0007179979
0.0010711465
0.0007681878
0.0005645875
0.0006395012
0.0007240996
0.0006339979
0.0004510917
0.0005288512
0.0003535956
0.0004283627
0.0004999094
0.0003187255
0.0003371307
0.0007094606
0.0011363474
0.0011209438
0.0008226262
0.0005960989
0.0004857201
0.0004515578
0.0010337916
0.0009791767
0.0007835105
0.0011408600
0.0006968237
0.0008063578
0.0007720566
0.0008562281
0.0006646228
0.0007536068
0.0005650041
0.0007460551
0.0006281222
0.0006793161
0.0005744397
0.0008872279
0.0007071794
0.0009896253
0.0006610025
0.0008545979
0.0008854887
0.0005187140
0.0004606916
0.0005724242
0.0010510533
0.0008719768
0.0009110636
0.0008396222
0.0007391072
0.0006884141
0.0007721186
0.0007133269
0.0005741300
0.0004459098
0.0003994814
0.0004434122
0.0004963836
0.0005049385
0.0005073641
0.0008136289
0.0005315235
0.0007358279
0.0007741695
0.0006689940
0.0006606477
0.0005370553
0.0008966668
0.0008334606
0.0008636073
0.0005992656
0.0008167687
0.0007594794
0.0006570086
0.0008664654
0.0009628616
0.0005168680
0.0004352220
0.0005214498
0.0003931881
0.0003291127
0.0004844997
0.0006236978
0.0006636299
0.0006071284
0.0006462024
0.0007262745
0.0006962855
0.0005591693
0.0008640679
0.0007584999
0.0007642204
0.0005473942
0.0005094735
0.0002825753
0.0004184515
0.0004103735
0.0006351634
0.0007178969
0.0006406936
0.0004179211
0.0004292165
0.0007184327
0.0005524413
0.0007401477
0.0006661089
0.0005772866
0.0009115502
0.0006220441
0.0005711124
0.0004120368
0.0004248648
0.0004099760
0.0003653041
0.0004074445
0.0005015184
0.0004044025
0.0003039349
0.0006648085
0.0007736395
0.0006944980
0.0006813928
0.0006968736
0.0006495646
0.0005764710
0.0005784986
0.0006972396
0.0007408457
0.0007812645
0.0010116100
0.0006794694
0.0003869696
0.0006816640
0.0007091045
0.0007891654
0.0006077888
0.0004723105
0.0004226403
0.0006638443
0.0006581933
0.0005252929
0.0009256857
0.0009509010
0.0005775927
0.0007466448
0.0008624167
0.0010225624
0.0007535069
0.0006739142
0.0005784279
0.0007953609
0.0006839299
0.0007095114
0.0005778029
0.0008809934
0.0006606776
0.0005870544
0.0009168836
0.0007163523
0.0004417715
0.0005826266
0.0007133805
0.0007683635
0.0007737665
0.0009431501
0.0008503679
0.0007178102
0.0006717219
0.0007688799
0.0004331140
0.0005435911
0.0004390921
0.0004008615
0.0005757977
0.0005756498
0.0004343818
0.0003223655
0.0005874020
0.0008474493
0.0008402899
0.0005050357
0.0006639926
0.0007849072
0.0006900262
0.0008480804
0.0005927963
0.0005943907
0.0006065793
0.0003375078
0.0005245808
0.0006161423
0.0003891402
0.0003897678
0.0003509736
0.0003569663
0.0003095377
0.0003545202
0.0005900012
0.0005895169
0.0006827081
0.0011754005
0.0008283242
0.0009695038
0.0005048564
0.0004556661
0.0007308306
0.0006624421
0.0007534807
0.0009127698
0.0008823843
0.0008840677
0.0006394189
0.0008041950
0.0007205019
0.0007915528
0.0008273547
0.0007285425
0.0009284574
0.0008206426
0.0007349133
0.0009768644
0.0007854058
0.0006656630
0.0006806766
0.0004043576
0.0003705681
0.0004196430
0.0002503587
0.0003447034
0.0002622963
0.0003269224
0.0002789710
0.0002625950
0.0003198330
0.0006226586
0.0009526521
0.0007941511
0.0009750866
0.0009764868
0.0007842676
0.0008002783
0.0006097582
0.0005151524
0.0004237242
0.0003241916
0.0004701033
0.0010223230
0.0007153769
0.0008157588
0.0010649618
0.0009114338
0.0007360005
0.0007795723
0.0008601414
0.0007134666
0.0008192192
0.0008251331
0.0005227660
0.0006392776
0.0003090905
0.0009029342
0.0010188531
0.0008253197
0.0007411192
0.0007099624
0.0004182639
0.0002683060
0.0003640850
0.0003213745
0.0002745097
0.0003712157
0.0007286293
0.0008386337
0.0005961030
0.0005772909
0.0005966900
0.0004232632
0.0003167203
0.0002839337
0.0004718603
0.0005232451
0.0002954698
0.0002530822
0.0002892343
0.0002696404
0.0004144254
0.0006150416
0.0007498700
0.0006200249
0.0008626469
0.0008599655
0.0007634210
0.0007311820
0.0007693246
0.0007317907
0.0009882320
0.0008373477
0.0007536632
0.0005549134
0.0007148353
0.0006177459
0.0006387009
0.0007414584
0.0006746861
0.0006789031
0.0009028631
0.0008295538
0.0009395867
0.0004857314
0.0006278705
0.0006661500
0.0002197298
0.0003575608
0.0008900442
0.0010268403
0.0010171370
0.0008676230
0.0008086644
0.0008949029
0.0006053064
0.0009746297
0.0008017819
0.0005628188
0.0008718625
0.0008586230
0.0008491414
0.0004997273
0.0007723581
0.0004704799
0.0003895860
0.0007108757
0.0008296990
0.0008163521
0.0008361559
0.0006603546
0.0005620002
0.0006814283
0.0007268972
0.0008069307
0.0009520826
0.0008347275
0.0006158843
0.0009532203
0.0005234725
0.0010361412
0.0008936192
0.0008198040
0.0007024913
0.0007641799
0.0006568278
0.0004789682
0.0007359010
0.0006618516
0.0006624041
0.0004944551
0.0007486243
0.0006520283
0.0007188863
0.0005869199
0.0007126168
0.0009427199
0.0008852329
0.0005499946
0.0006284028
0.0007389892
0.0007634011
0.0006522217
0.0004246608
0.0007186884
0.0004452630
0.0004034047
0.0005781256
0.0005292948
0.0008250808
0.0007119890
0.0005491149
