0.0886222569
0.0604780877
0.0255654249
0.0318505657
0.0215293168
0.0196164361
0.0176456732
0.0200211385
0.0197391983
0.0105841843
0.0203748886
0.0068176824
0.0042354618
0.0045735975
0.0055746416
0.0064006834
0.0051625832
0.0038002939
0.0060190265
0.0056114180
0.0038481972
0.0037055066
0.0039690848
0.0035898126
0.0052214990
0.0053231927
0.0036597776
0.0027765945
0.0027054532
0.0037186721
0.0035554266
0.0030256153
0.0032422911
0.0026170293
0.0023036082
0.0022544287
0.0027702505
0.0043969992
0.0041582273
0.0026013078
0.0022104459
0.0026775976
0.0028631745
0.0023136172
0.0020806832
0.0020517815
0.0022476182
0.0025331719
0.0033306102
0.0067449514
0.0053828284
0.0034642743
0.0043674594
0.0042140519
0.0084156982
0.0117802974
0.0113427600
0.0101223522
0.0119038371
0.0126823126
0.0134216952
0.0084824731
0.0057299565
0.0086404542
0.0100581861
0.0074155413
0.0039789137
0.0018575039
0.0018253967
0.0017943806
0.0017644011
0.0017354069
0.0088291603
0.0077911074
0.0074780061
0.0057475945
0.0038089478
0.0034488758
0.0033208154
0.0033257060
0.0021851117
0.0015902143
0.0020677740
0.0018583439
0.0019708980
0.0025844241
0.0044631579
0.0088379054
0.0116448429
0.0091382991
0.0092731703
0.0093916765
0.0064465608
0.0022073846
0.0032221886
0.0031488143
0.0021184533
0.0023570405
0.0023055782
0.0028735881
0.0048582018
0.0040642255
0.0023580977
0.0019428474
0.0024192722
0.0016729325
0.0012058853
0.0075308693
0.0072945906
0.0077849146
0.0090864470
0.0086557161
0.0099942547
0.0075312269
0.0064732987
0.0063631113
0.0030209676
0.0014920500
0.0017722988
0.0020519482
0.0017551069
0.0014486254
0.0016903166
0.0019507114
0.0016939705
0.0014077397
0.0033348571
0.0055229683
0.0054049696
0.0035670279
0.0033166741
0.0043977319
0.0041084084
0.0034870093
0.0023272914
0.0014501910
0.0012556115
0.0013142422
0.0012835517
0.0012144567
0.0011583126
0.0014465270
0.0014980548
0.0012804523
0.0025285715
0.0032085265
0.0025451242
0.0021094610
0.0014690786
0.0033556493
0.0040724324
0.0014331118
0.0012525823
0.0052253128
0.0077891719
0.0070482737
0.0086259704
0.0108657970
0.0083579535
0.0086900127
