0.0039445398
0.0019261306
0.0016601221
0.0009978672
0.0015149244
0.0010094298
0.0013037596
0.0013828597
0.0007827525
0.0009929802
0.0009933886
0.0012101031
0.0007744512
0.0006751951
0.0008325419
0.0009263893
0.0007330715
0.0008808808
0.0005883395
0.0004791174
0.0007034449
0.0005880122
0.0007636391
0.0008103000
0.0005329113
0.0004858171
0.0006924324
0.0007726532
0.0005262323
0.0004915881
0.0006602279
0.0009592204
0.0006851222
0.0009170227
0.0006891078
0.0006531576
0.0007850086
0.0005811377
0.0008689925
0.0007402128
0.0007300210
0.0007402894
0.0009065413
0.0008040267
0.0006660360
0.0007033429
0.0010456910
0.0007934509
0.0008373471
0.0006877676
0.0008589365
0.0006459205
0.0004634779
0.0007446079
0.0006888153
0.0007213664
0.0006793745
0.0005441790
0.0006755577
0.0007136791
0.0005978870
0.0007205598
0.0009322329
0.0009360744
0.0009544979
0.0005927395
0.0007996988
0.0007219973
0.0010052600
0.0007902266
0.0007898737
0.0008332030
0.0008120453
0.0009619124
0.0007311569
0.0007620673
0.0006748892
0.0007438461
0.0006436215
0.0008223536
0.0008543522
0.0008876741
0.0006767397
0.0007396673
0.0005679031
0.0008889032
0.0007972745
0.0004195784
0.0005640468
0.0004618465
0.0005925748
0.0005855474
0.0005358260
0.0005910056
0.0005042882
0.0006733933
0.0006001215
0.0006058669
0.0008499191
0.0006528072
0.0007478521
0.0009059209
0.0008269988
0.0006409522
0.0006821247
0.0006982516
0.0005945983
0.0007049577
0.0005655329
0.0006562924
0.0010074112
0.0005728258
0.0007732839
0.0003906190
0.0004313081
0.0006080505
0.0007806603
0.0006723633
0.0005142342
0.0006394144
0.0007808503
0.0005678945
0.0007653397
0.0009732042
0.0007487873
0.0006685799
0.0008203236
0.0006987205
0.0008076433
0.0005294854
0.0006308503
0.0007660132
0.0006778885
0.0005688924
0.0004399000
0.0004654706
0.0004397121
0.0003981270
0.0007238498
0.0008148034
0.0009500619
0.0005840436
0.0009073375
0.0007978895
0.0005888030
0.0003442205
0.0004273476
0.0005696493
0.0007960960
0.0008010293
0.0009588540
0.0008637166
0.0006861752
0.0004602451
0.0005077004
0.0005732213
0.0006231368
0.0005470430
0.0008006091
0.0006141932
0.0007947884
0.0002378690
0.0003682338
0.0003346825
0.0002524238
0.0002430063
0.0005200087
0.0007291480
0.0006182252
0.0009716661
0.0007857441
0.0007829596
0.0008030047
0.0006064755
0.0004815994
0.0003591380
0.0003998161
0.0005875224
0.0008069465
0.0004336132
0.0005611664
0.0006136851
0.0004020873
0.0003220024
0.0006214498
0.0006811174
0.0009088970
0.0007994540
0.0009560369
0.0004924145
0.0006168029
0.0004169536
0.0005495078
0.0005970521
0.0007177499
0.0006683286
0.0005507459
0.0005731051
0.0004059928
0.0005902722
0.0005522910
0.0002937779
0.0001944564
0.0002037550
0.0003793651
0.0005645579
0.0006381959
0.0007849668
0.0007905423
0.0009895150
0.0006844846
0.0006572296
0.0007062328
0.0007009609
0.0005011007
0.0003810351
0.0003719134
0.0004187372
0.0002842169
0.0004244014
0.0006367876
0.0005878803
0.0008137814
0.0007915019
0.0009369263
0.0005178693
0.0005767956
0.0005875051
0.0009392742
0.0007577617
0.0006935651
0.0003237428
0.0001615505
0.0001940153
0.0005872997
0.0004076369
0.0006599636
0.0005194576
0.0007771990
0.0008440527
0.0004881095
0.0004736560
0.0005346465
0.0006864021
0.0007440697
0.0006120517
0.0007315082
0.0006150286
0.0004678099
0.0003835920
0.0003907594
0.0006475133
0.0007796321
0.0007734697
0.0009484869
0.0005690509
0.0006869781
0.0005941412
0.0008119066
0.0007624863
0.0006605346
0.0006608567
0.0005666652
0.0006915506
0.0002596519
0.0003756729
0.0003044104
0.0003637700
0.0005729182
0.0005740046
0.0008310924
0.0006980193
0.0006943652
0.0006734304
0.0007920876
0.0007448373
0.0008716382
0.0003599121
0.0005411305
0.0006168839
0.0005466455
0.0009606877
0.0005694936
0.0004858435
0.0004069820
0.0004054933
0.0003996511
0.0002884055
0.0004778521
0.0009056892
0.0008839385
0.0007412528
0.0009477057
0.0010438668
0.0008525143
0.0005804569
0.0005978303
0.0008681254
0.0005115858
0.0003228517
0.0002868186
0.0004586299
0.0007188785
0.0006951201
0.0008797114
0.0007800930
0.0008756453
0.0004424690
0.0003212734
0.0005130501
0.0007602250
0.0006253528
0.0006021124
0.0007508178
0.0005285713
0.0004122020
0.0004115806
0.0006330328
0.0006107918
0.0007208206
0.0005702208
0.0007137591
0.0007196348
0.0006710972
0.0005106239
0.0006305561
0.0005561682
0.0004346953
0.0005267685
0.0008548077
0.0007397175
0.0006529155
0.0006081804
0.0007539083
0.0007333362
0.0004755661
0.0007262476
0.0005490840
0.0005215780
0.0003591533
0.0002617731
0.0007440114
0.0009288845
0.0009821759
0.0009538297
0.0005718767
0.0007694543
0.0006706810
0.0006206154
0.0004890220
0.0006165049
0.0009417015
0.0006481835
0.0007331895
0.0005637120
0.0007576242
0.0007510540
0.0007293061
0.0006486468
0.0002585027
0.0002117802
0.0001956974
0.0001824758
0.0002575355
0.0003399627
0.0003935545
0.0005607447
0.0006031492
0.0004668140
0.0007367453
0.0006454174
0.0007068053
0.0009362241
0.0009410231
0.0007909440
0.0005769559
0.0005025108
0.0003462633
0.0008663374
0.0008947998
0.0008235407
0.0009905496
0.0006641578
0.0009252068
0.0006055904
0.0007864113
0.0005987034
0.0004571854
0.0005872193
0.0006749291
0.0004997760
0.0004424068
0.0002641350
0.0003649342
0.0006270371
0.0006730988
0.0008059554
0.0008618402
0.0007521186
0.0008263131
0.0006782932
0.0005304945
0.0004740205
0.0003307019
0.0007858375
0.0008791034
0.0008466219
0.0008756147
0.0009711227
0.0007199969
0.0007670735
0.0005490879
0.0009034572
0.0007747584
0.0007941040
0.0005455391
0.0009773602
0.0005750077
0.0004365783
0.0006562107
0.0006406039
0.0007703546
0.0005920085
0.0005297085
0.0008482637
0.0006479850
0.0003271703
0.0001660633
0.0002446621
0.0002210167
0.0003058334
0.0005749835
0.0011023529
0.0009489598
0.0002980558
0.0003981550
0.0005924794
0.0008703493
0.0006782512
0.0008164637
0.0009903259
0.0005472043
0.0007389070
0.0004961841
0.0007772614
0.0007722124
0.0006929527
0.0006219683
0.0006017455
0.0007115926
0.0006410784
0.0004447788
0.0003896870
0.0003041095
0.0004764488
0.0005344892
0.0005745476
0.0006982314
0.0007283934
0.0007507532
0.0004381398
0.0004931281
0.0005849556
0.0005489963
0.0002771103
0.0001440868
0.0002914899
0.0002618225
0.0002900257
0.0004788186
0.0004286458
0.0006307255
0.0006651505
0.0007761951
0.0004484609
0.0006751713
0.0004135776
0.0002882722
0.0002655028
0.0008045912
0.0008299722
0.0006397514
0.0008571659
0.0007044889
0.0007034543
0.0004922206
0.0004301036
0.0003101427
0.0002322311
0.0004824576
0.0005803805
0.0006243470
0.0008576405
0.0008347219
0.0007313014
0.0005935670
0.0007214222
0.0006105813
0.0005202965
0.0003345684
0.0004205504
0.0006753776
0.0006588064
0.0007060262
0.0004378941
0.0004146407
0.0003679877
0.0006858172
0.0007854524
0.0007586159
0.0007618517
0.0005130307
0.0007823022
0.0004414077
0.0008436935
0.0009643807
0.0008525988
0.0005755450
0.0008097073
0.0006945582
0.0008046317
0.0008791827
0.0009572353
0.0008355206
0.0006885193
0.0007132700
0.0004212516
0.0003699608
0.0006179917
0.0005947095
0.0007032739
0.0009947691
0.0006284439
0.0006132764
0.0010477503
0.0008237526
0.0010227369
0.0007695130
0.0007570485
0.0006115742
0.0008215711
0.0005841470
0.0003936740
0.0004154726
0.0004692174
0.0007777828
0.0006987394
0.0006916466
0.0004162476
0.0002771493
0.0004417529
0.0006656397
0.0006803883
0.0008362610
0.0007530146
0.0008425332
0.0006415575
0.0008282281
0.0008121794
0.0004925587
0.0004645005
0.0004368503
0.0004520254
0.0004295103
0.0005729885
0.0006153072
0.0007591086
0.0004203020
0.0003862084
0.0003274225
0.0005154625
0.0004749870
0.0004873796
0.0004147569
0.0007417322
0.0010465907
0.0007110710
0.0006811591
0.0006775222
0.0006376183
0.0006619233
0.0007082182
0.0006356151
0.0005341970
0.0005029137
0.0005704523
0.0005704977
0.0005277394
0.0008219383
0.0008029417
0.0008818878
0.0008753870
0.0007236991
0.0008402532
0.0005817430
0.0006795939
0.0008067664
0.0004648629
0.0007877683
0.0006917055
0.0004767443
0.0004439954
0.0002261673
0.0006149618
0.0007233877
0.0006256465
0.0008343795
0.0008101024
0.0006265856
0.0009030526
0.0007461995
0.0008443774
0.0005735216
0.0009282991
0.0005639974
0.0007998058
0.0003433190
0.0005345677
0.0004349657
0.0002976642
0.0005178972
0.0004477393
0.0007453965
0.0008194191
0.0006832466
0.0005234343
0.0005949374
0.0007161438
0.0007516588
0.0006728885
0.0008988249
0.0005557722
0.0008454794
0.0007821530
0.0006760065
0.0007830675
0.0008088849
0.0005739733
0.0008256329
0.0007431696
0.0004107155
0.0003845793
0.0003619878
0.0002751137
0.0005618685
0.0006206978
0.0004683556
0.0004321279
0.0005799103
0.0004584183
0.0003352335
0.0005247815
0.0003790023
0.0002247937
0.0002087268
0.0004724620
0.0004977579
0.0004280940
0.0003524337
0.0007418038
0.0008848384
0.0010889778
0.0007037937
0.0007807002
0.0005821488
0.0006132155
0.0005028086
0.0002922802
0.0004206285
0.0003892537
0.0002833111
0.0002397727
0.0002485524
0.0001886762
0.0001651761
0.0003284996
0.0007698047
0.0007617959
0.0007015770
0.0007420518
0.0007963330
0.0008330191
0.0008124221
0.0008280692
0.0006490324
0.0005851345
0.0005056473
0.0004255857
0.0005539103
0.0003875397
0.0005694561
0.0004391660
0.0007162680
0.0005719626
0.0006435812
0.0004907536
0.0003314365
0.0005057320
0.0005722286
0.0004037299
0.0005252419
0.0006651271
0.0006462848
0.0006111217
0.0008579035
0.0008819482
0.0006447407
0.0008295248
0.0005692678
0.0009853572
0.0005388061
0.0007454557
0.0005818181
0.0008110896
0.0006332842
0.0005229189
0.0003741569
0.0005904451
0.0004914814
0.0002945651
0.0002423902
0.0002215393
0.0004904701
0.0005794933
0.0003653472
0.0001695407
0.0002466353
0.0002552456
0.0001951127
0.0004239513
0.0003640142
0.0005885710
0.0007078559
0.0006173767
0.0006448241
0.0007867876
0.0009230740
0.0006637866
0.0004236132
0.0004571009
0.0005542729
0.0004822839
0.0004149688
0.0006899273
0.0008783749
0.0008745198
0.0009011044
0.0009490659
0.0007014405
0.0006336045
0.0007549936
0.0006248304
0.0007459250
0.0003427963
0.0008506051
0.0009692092
0.0008371787
0.0006712710
0.0008594406
0.0007181485
0.0008823171
0.0009902470
0.0009478453
0.0008407999
0.0008277340
0.0009317422
0.0008886623
0.0008147213
0.0008023724
0.0007388868
0.0004323182
0.0003202096
0.0003746366
0.0003427134
0.0004237274
0.0003637494
0.0002406534
0.0003440820
0.0006082715
0.0005755821
0.0006261584
0.0004003732
0.0007206129
0.0009301271
0.0007307936
0.0006947448
0.0008200312
0.0008665511
0.0008657435
0.0003734327
0.0004349355
0.0003079482
0.0003503598
0.0005055293
0.0007056355
0.0003701433
0.0007162149
0.0005533711
0.0006212404
0.0006285627
0.0005103894
0.0005146839
0.0006464172
0.0007417519
0.0009277605
0.0008341924
0.0008000128
0.0008198285
0.0006229978
0.0006148183
0.0009407495
0.0005786540
0.0006739414
0.0007284667
0.0007450424
0.0009256751
0.0005888109
0.0009099557
0.0007239814
0.0008166939
0.0006400315
0.0008427473
0.0008334479
0.0007461290
0.0006550310
0.0006032148
0.0008469654
0.0007532357
0.0006453336
0.0005549406
0.0007237685
0.0004831652
0.0005593259
0.0003675544
0.0003272435
0.0002902824
0.0004556935
0.0003763689
0.0003982360
0.0006615707
0.0005081846
0.0002979972
0.0004015432
0.0004114683
0.0002899989
0.0005434601
0.0005331730
0.0003059307
0.0002125897
0.0003179109
0.0003909347
0.0002634733
0.0002098519
0.0001895625
0.0001821388
0.0006251654
0.0009118072
0.0006495929
0.0006634191
0.0006547744
0.0005002311
0.0006863225
0.0005956765
0.0005255272
0.0005775689
0.0007023854
0.0009027278
0.0008182816
0.0007983501
0.0006478361
0.0007799502
0.0006440400
0.0005163660
0.0006296704
0.0007061824
0.0007169639
0.0006902795
0.0005981422
0.0005269872
0.0004061632
0.0004964799
0.0006085921
0.0007098240
0.0008930723
0.0007260641
0.0008559915
0.0006931931
0.0007215886
0.0006729319
0.0006980676
0.0007227093
0.0005606129
0.0009232096
0.0007639252
0.0007931187
0.0006052904
0.0005579270
0.0006755740
0.0003079136
0.0004014957
0.0004194803
0.0007050776
0.0008545228
0.0004912633
0.0005253202
0.0005122380
0.0003705992
0.0003180081
0.0002658457
0.0003883854
0.0003817579
0.0002487213
0.0002280448
0.0006931152
0.0007799520
0.0007481711
0.0004709631
0.0003584931
0.0003929638
0.0003110885
0.0003219868
0.0008098197
0.0007206088
0.0008054439
0.0008340129
0.0008281073
0.0006467505
0.0002855656
0.0003329320
0.0006533515
0.0008631371
0.0007786531
0.0007904659
0.0004071929
0.0007462852
0.0007200827
0.0005656258
0.0006589359
0.0007554344
0.0005330629
0.0006498266
0.0006836615
0.0005793397
0.0005918618
0.0007148545
0.0006244984
0.0005376132
0.0004623161
0.0003469811
0.0005674297
0.0006884084
0.0004556570
0.0003291477
0.0003434611
0.0001636583
0.0002926184
0.0007022536
0.0008244929
0.0008357203
0.0006695479
0.0006014004
0.0009658307
0.0006117757
0.0007467529
0.0008806835
0.0008030070
0.0006626240
0.0006705468
0.0007199330
0.0007455657
0.0008321780
0.0005918572
0.0005612279
0.0007567592
0.0007509691
0.0008253102
0.0007000196
0.0007894490
0.0008040045
0.0007170306
0.0005716716
0.0007724266
0.0004611749
0.0006480073
0.0007507811
0.0005610201
0.0007548092
0.0005282680
0.0006050624
0.0006654619
0.0008188841
0.0009561393
0.0005370642
0.0002936729
0.0002635810
0.0003662605
0.0004394349
0.0006938627
0.0004451714
0.0005471532
0.0004119266
0.0002480871
0.0003949892
0.0003361599
0.0003423645
0.0004946706
0.0006012895
0.0006121266
0.0007088412
0.0008067987
0.0004441833
0.0002958983
0.0005505745
0.0006948460
0.0006159828
0.0009208893
0.0005650190
0.0006878735
0.0007852496
0.0004391122
0.0004791977
0.0005760319
0.0006197656
0.0005523617
0.0006067338
0.0008793825
0.0009840309
0.0007304922
0.0004107896
0.0006478106
0.0005622426
0.0008337020
0.0006753964
0.0008032630
0.0006552895
0.0006384606
0.0005488101
0.0005507265
0.0004449933
0.0006305582
0.0005567398
0.0003998813
0.0002960542
0.0004906281
0.0005835828
0.0006650408
0.0007262137
0.0006106322
0.0006231559
0.0007133394
0.0003304591
0.0003795838
0.0007608398
0.0008401060
0.0006856325
0.0004785454
0.0002104250
0.0004791949
0.0004503310
0.0004863404
0.0003219037
0.0003254988
0.0002585765
0.0003417285
0.0002752513
0.0002625529
0.0002698492
0.0002688576
0.0002363418
0.0003108151
0.0002363267
0.0001398012
0.0004142735
0.0003817246
0.0006229045
0.0007543395
0.0006896175
0.0007702857
0.0008101353
0.0008558819
0.0005429335
0.0005819887
0.0007115934
0.0006956201
0.0007244709
0.0009048549
0.0004882624
0.0007148937
0.0007485168
0.0006940517
0.0005240045
0.0003990209
0.0005248370
0.0004931978
0.0003758294
0.0003837212
0.0006474389
0.0005195177
0.0005055515
0.0004829325
0.0006064686
0.0004047036
0.0001973303
0.0001832980
0.0002192955
0.0002778549
0.0003861371
0.0004850403
0.0003722414
0.0002497802
0.0001996147
0.0006653847
0.0002511258
0.0005343498
0.0006965988
0.0009030979
0.0007309878
0.0008502967
0.0006998187
0.0008237238
0.0007404418
0.0006181262
0.0006102482
0.0004598436
0.0004495163
0.0002961043
0.0002536450
0.0004414799
0.0007165857
0.0010698244
0.0006258827
0.0009156063
0.0008194303
0.0007638079
0.0006733160
0.0010044878
0.0007203825
0.0005294525
0.0005997043
0.0006790380
0.0005945434
0.0004230197
0.0004959402
0.0003315910
0.0004017052
0.0004687994
0.0002988909
0.0003161507
0.0006653100
0.0010656311
0.0010511861
0.0007714331
0.0005590029
0.0004554931
0.0004234568
0.0009694575
0.0009182414
0.0007347517
0.0010698629
0.0006534595
0.0007561771
0.0007240105
0.0008029440
0.0006232625
0.0007067089
0.0005298432
0.0006996272
0.0005890334
0.0006370414
0.0005386916
0.0008320146
0.0006631707
0.0009280397
0.0006198675
0.0008014152
0.0008303837
0.0004864338
0.0004320222
0.0005368016
0.0009856449
0.0008177127
0.0008543670
0.0007873715
0.0006931116
0.0006455732
0.0007240687
0.0006689357
0.0005384012
0.0004181603
0.0003746212
0.0004158181
0.0004654930
0.0004735155
0.0004757902
0.0007629958
0.0004984462
0.0006900365
0.0007259920
0.0006273617
0.0006195348
0.0005036337
0.0008408661
0.0007815933
0.0008098639
0.0005619726
0.0007659402
0.0007122161
0.0006161222
0.0008125442
0.0009029415
0.0004847027
0.0004081376
0.0004889994
0.0003687196
0.0003086317
0.0004543487
0.0005848843
0.0006223314
0.0005693461
0.0006059884
0.0006810776
0.0006529548
0.0005243715
0.0008102959
0.0007112975
0.0007166620
0.0005133292
0.0004777683
0.0002649903
0.0003924108
0.0003848354
0.0005956364
0.0006732213
0.0006008225
0.0003919133
0.0004025058
0.0006737238
0.0005180622
0.0006940874
0.0006246562
0.0005413613
0.0008548233
0.0005833335
0.0005355713
0.0003863952
0.0003984250
0.0003844627
0.0003425708
0.0003820888
0.0004703083
0.0003792360
0.0002850206
0.0006234367
0.0007254950
0.0006512786
0.0006389889
0.0006535063
0.0006091414
0.0005405965
0.0005424980
0.0006538495
0.0006947419
0.0007326455
0.0009486563
0.0006371852
0.0003628880
0.0006392432
0.0006649761
0.0007400547
0.0005699653
0.0004429180
0.0003963389
0.0006225324
0.0006172331
0.0004926033
0.0008680791
0.0008917253
0.0005416484
0.0007001802
0.0008087474
0.0009589271
0.0007066152
0.0006319757
0.0005424317
0.0007458646
0.0006413681
0.0006653577
0.0005418455
0.0008261681
0.0006195629
0.0005505213
0.0008598248
0.0006717728
0.0004142795
0.0005463690
0.0006689860
0.0007205473
0.0007256140
0.0008844567
0.0007974485
0.0006731400
0.0006299198
0.0007210315
0.0004061607
0.0005097628
0.0004117669
0.0003759154
0.0005399651
0.0005398264
0.0004073497
0.0003023043
0.0005508473
0.0007947115
0.0007879976
0.0004736067
0.0006226716
0.0007360614
0.0006470850
0.0007953033
0.0005559059
0.0005574010
0.0005688311
0.0003165043
0.0004919355
0.0005777990
0.0003649236
0.0003655121
0.0003291321
0.0003347519
0.0002902748
0.0003324580
0.0005532847
0.0005528305
0.0006402223
0.0011022539
0.0007767766
0.0009091704
0.0004734385
0.0004273094
0.0006853502
0.0006212175
0.0007065907
0.0008559670
0.0008274724
0.0008290511
0.0005996271
0.0007541489
0.0006756642
0.0007422935
0.0007758674
0.0006832044
0.0008706784
0.0007695730
0.0006891788
0.0009160729
0.0007365291
0.0006242380
0.0006383173
0.0003791939
0.0003475072
0.0003935281
0.0002347786
0.0003232521
0.0002459732
0.0003065776
0.0002616103
0.0002462534
0.0002999294
0.0005839098
0.0008933674
0.0007447301
0.0009144058
0.0009157188
0.0007354617
0.0007504760
0.0005718122
0.0004830939
0.0003973554
0.0003040168
0.0004408482
0.0009587026
0.0006708582
0.0007649932
0.0009986879
0.0008547142
0.0006901983
0.0007310585
0.0008066137
0.0006690667
0.0007682382
0.0007737841
0.0004902337
0.0005994946
0.0002898554
0.0008467435
0.0009554486
0.0007739590
0.0006949985
0.0006657806
0.0003922348
0.0002516090
0.0003414275
0.0003013750
0.0002574267
0.0003481145
0.0006832858
0.0007864445
0.0005590068
0.0005413654
0.0005595573
0.0003969230
0.0002970104
0.0002662642
0.0004424958
0.0004906829
0.0002770824
0.0002373325
0.0002712349
0.0002528604
0.0003886352
0.0005767668
0.0007032047
0.0005814400
0.0008089633
0.0008064488
0.0007159124
0.0006856796
0.0007214486
0.0006862505
0.0009267332
0.0007852386
0.0007067618
0.0005203804
0.0006703502
0.0005793029
0.0005989537
0.0006953165
0.0006326995
0.0006366542
0.0008466768
0.0007779297
0.0008811150
0.0004555037
0.0005887973
0.0006246947
0.0002060557
0.0003353093
0.0008346557
0.0009629388
0.0009538393
0.0008136297
0.0007583402
0.0008392120
0.0005676374
0.0009139773
0.0007518861
0.0005277939
0.0008176054
0.0008051899
0.0007962983
0.0004686287
0.0007242933
0.0004412013
0.0003653416
0.0006666370
0.0007780658
0.0007655495
0.0007841209
0.0006192599
0.0005270262
0.0006390222
0.0006816615
0.0007567144
0.0008928334
0.0007827813
0.0005775570
0.0008939002
0.0004908962
0.0009716608
0.0008380082
0.0007687866
0.0006587744
0.0007166241
0.0006159526
0.0004491615
0.0006901050
0.0006206637
0.0006211819
0.0004636846
0.0007020365
0.0006114518
0.0006741492
0.0005503951
0.0006682698
0.0008840533
0.0008301438
0.0005157678
0.0005892965
0.0006930010
0.0007158937
0.0006116331
0.0003982337
0.0006739635
0.0004175538
0.0003783004
0.0005421481
0.0004963561
0.0007737351
0.0006676810
0.0005149428
0.0004398869
0.0004475294
0.0007464807
0.0009099134
0.0006287517
0.0005607833
0.0005064008
0.0005750899
0.0007225083
0.0006659661
0.0005254821
0.0007517410
0.0005839120
0.0006648213
0.0007102633
0.0006586073
0.0006329985
0.0007260604
0.0009576275
0.0006604160
0.0006009644
0.0006127669
0.0006397308
0.0006011580
0.0007097386
0.0005378832
0.0006300945
0.0008067446
0.0009291365
0.0007052882
0.0004771922
0.0006699812
0.0004171836
0.0003881690
0.0003903547
0.0003388005
0.0005289294
0.0006483994
0.0008482353
0.0007581734
0.0006451332
0.0006799416
0.0007260256
0.0005746132
0.0007015303
0.0008061120
0.0007707380
0.0003417972
0.0005371340
0.0006031411
0.0007929814
0.0006561810
0.0005498764
0.0004613524
0.0005717380
0.0005475302
0.0005999198
0.0006463216
0.0007308480
0.0005684504
0.0005510549
0.0005503306
0.0006255562
0.0007198121
0.0005654167
0.0006443223
0.0008659886
0.0006956953
0.0003242040
0.0003661398
0.0002427653
0.0005629246
0.0007731237
0.0008275295
0.0008474557
0.0004385679
0.0003787429
0.0006950392
0.0009674679
0.0006535519
0.0006530505
0.0004983021
0.0007437349
0.0005105478
0.0007073997
0.0005649467
0.0006988734
0.0004327022
0.0006424642
0.0004615189
0.0005278133
0.0004313767
0.0007311827
0.0006023581
0.0006879180
0.0004083296
0.0005665940
0.0007949104
0.0006970745
0.0007488997
