0.0038303425
0.0018703677
0.0016120603
0.0009689782
0.0014710662
0.0009802061
0.0012660148
0.0013428249
0.0007600913
0.0009642327
0.0009646293
0.0011750697
0.0007520302
0.0006556477
0.0008084392
0.0008995696
0.0007118485
0.0008553787
0.0005713066
0.0004652466
0.0006830797
0.0005709888
0.0007415312
0.0007868412
0.0005174831
0.0004717524
0.0006723860
0.0007502843
0.0005109975
0.0004773563
0.0006411138
0.0009314503
0.0006652874
0.0008904743
0.0006691577
0.0006342482
0.0007622820
0.0005643133
0.0008438345
0.0007187831
0.0007088863
0.0007188574
0.0008802962
0.0007807496
0.0006467537
0.0006829806
0.0010154175
0.0007704799
0.0008131053
0.0006678562
0.0008340697
0.0006272206
0.0004500598
0.0007230510
0.0006688736
0.0007004823
0.0006597061
0.0005284246
0.0006559998
0.0006930175
0.0005805778
0.0006996991
0.0009052441
0.0009089743
0.0009268645
0.0005755793
0.0007765470
0.0007010950
0.0009761570
0.0007673490
0.0007670063
0.0008090812
0.0007885360
0.0009340643
0.0007099894
0.0007400049
0.0006553506
0.0007223112
0.0006249882
0.0007985458
0.0008296181
0.0008619753
0.0006571476
0.0007182534
0.0005514619
0.0008631688
0.0007741928
0.0004074313
0.0005477172
0.0004484757
0.0005754193
0.0005685954
0.0005203134
0.0005738955
0.0004896887
0.0006538981
0.0005827475
0.0005883266
0.0008253133
0.0006339080
0.0007262013
0.0008796938
0.0008030566
0.0006223962
0.0006623767
0.0006780367
0.0005773842
0.0006845487
0.0005491603
0.0006372923
0.0009782459
0.0005562421
0.0007508967
0.0003793103
0.0004188214
0.0005904470
0.0007580596
0.0006528979
0.0004993468
0.0006209029
0.0007582441
0.0005514535
0.0007431825
0.0009450293
0.0007271093
0.0006492240
0.0007965746
0.0006784921
0.0007842615
0.0005141565
0.0006125867
0.0007438365
0.0006582631
0.0005524225
0.0004271646
0.0004519949
0.0004269821
0.0003866010
0.0007028938
0.0007912143
0.0009225569
0.0005671351
0.0008810694
0.0007747901
0.0005717567
0.0003342551
0.0004149756
0.0005531575
0.0007730484
0.0007778390
0.0009310945
0.0008387114
0.0006663099
0.0004469206
0.0004930021
0.0005566261
0.0006050965
0.0005312057
0.0007774309
0.0005964119
0.0007717787
0.0002309825
0.0003575732
0.0003249932
0.0002451159
0.0002359711
0.0005049541
0.0007080386
0.0006003271
0.0009435357
0.0007629962
0.0007602923
0.0007797571
0.0005889176
0.0004676568
0.0003487406
0.0003882411
0.0005705132
0.0007835848
0.0004210597
0.0005449202
0.0005959184
0.0003904466
0.0003126802
0.0006034584
0.0006613986
0.0008825837
0.0007763092
0.0009283589
0.0004781588
0.0005989460
0.0004048825
0.0005335991
0.0005797670
0.0006969705
0.0006489800
0.0005348014
0.0005565133
0.0003942390
0.0005731834
0.0005363017
0.0002852728
0.0001888267
0.0001978562
0.0003683822
0.0005482135
0.0006197197
0.0007622414
0.0007676555
0.0009608678
0.0006646683
0.0006382024
0.0006857869
0.0006806675
0.0004865935
0.0003700039
0.0003611462
0.0004066145
0.0002759886
0.0004121147
0.0006183521
0.0005708607
0.0007902218
0.0007685873
0.0009098016
0.0005028766
0.0005600969
0.0005704964
0.0009120815
0.0007358239
0.0006734858
0.0003143702
0.0001568735
0.0001883984
0.0005702969
0.0003958355
0.0006408572
0.0005044189
0.0007546985
0.0008196167
0.0004739784
0.0004599434
0.0005191681
0.0006665302
0.0007225283
0.0005943324
0.0007103305
0.0005972231
0.0004542664
0.0003724867
0.0003794466
0.0006287673
0.0007570612
0.0007510772
0.0009210275
0.0005525765
0.0006670896
0.0005769404
0.0007884013
0.0007404117
0.0006414116
0.0006417244
0.0005502599
0.0006715297
0.0002521348
0.0003647969
0.0002955975
0.0003532386
0.0005563318
0.0005573867
0.0008070317
0.0006778111
0.0006742628
0.0006539341
0.0007691561
0.0007232737
0.0008464036
0.0003494923
0.0005254643
0.0005990246
0.0005308197
0.0009328750
0.0005530063
0.0004717780
0.0003951996
0.0003937540
0.0003880809
0.0002800559
0.0004640179
0.0008794688
0.0008583479
0.0007197929
0.0009202690
0.0010136461
0.0008278334
0.0005636522
0.0005805227
0.0008429925
0.0004967750
0.0003135049
0.0002785150
0.0004453522
0.0006980664
0.0006749959
0.0008542431
0.0007575087
0.0008502948
0.0004296592
0.0003119723
0.0004981970
0.0007382160
0.0006072484
0.0005846808
0.0007290811
0.0005132688
0.0004002685
0.0003996650
0.0006147060
0.0005931089
0.0006999523
0.0005537124
0.0006930952
0.0006988009
0.0006516685
0.0004958409
0.0006123010
0.0005400668
0.0004221105
0.0005115181
0.0008300603
0.0007183021
0.0006340131
0.0005905731
0.0007320821
0.0007121056
0.0004617981
0.0007052222
0.0005331876
0.0005064780
0.0003487555
0.0002541946
0.0007224717
0.0009019926
0.0009537412
0.0009262157
0.0005553204
0.0007471780
0.0006512643
0.0006026481
0.0004748645
0.0005986566
0.0009144386
0.0006294181
0.0007119632
0.0005473921
0.0007356905
0.0007293104
0.0007081921
0.0006298680
0.0002510189
0.0002056490
0.0001900318
0.0001771930
0.0002500797
0.0003301205
0.0003821609
0.0005445107
0.0005856876
0.0004532994
0.0007154159
0.0006267321
0.0006863428
0.0009091197
0.0009137798
0.0007680456
0.0005602526
0.0004879628
0.0003362387
0.0008412563
0.0008688947
0.0007996986
0.0009618724
0.0006449299
0.0008984214
0.0005880581
0.0007636441
0.0005813705
0.0004439496
0.0005702189
0.0006553894
0.0004853071
0.0004295988
0.0002564881
0.0003543691
0.0006088840
0.0006536121
0.0007826224
0.0008368893
0.0007303442
0.0008023907
0.0006586562
0.0005151363
0.0004602972
0.0003211278
0.0007630869
0.0008536527
0.0008221115
0.0008502650
0.0009430079
0.0006991525
0.0007448662
0.0005331914
0.0008773015
0.0007523286
0.0007711141
0.0005297453
0.0009490649
0.0005583608
0.0004239390
0.0006372129
0.0006220580
0.0007480522
0.0005748694
0.0005143731
0.0008237059
0.0006292254
0.0003176984
0.0001612557
0.0002375790
0.0002146181
0.0002969793
0.0005583373
0.0010704390
0.0009214867
0.0002894269
0.0003866281
0.0005753267
0.0008451521
0.0006586154
0.0007928264
0.0009616553
0.0005313623
0.0007175151
0.0004818192
0.0007547591
0.0007498563
0.0006728912
0.0006039619
0.0005843245
0.0006909915
0.0006225187
0.0004319021
0.0003784052
0.0002953053
0.0004626552
0.0005190153
0.0005579141
0.0006780171
0.0007073059
0.0007290183
0.0004254554
0.0004788517
0.0005680207
0.0005331025
0.0002690878
0.0001399154
0.0002830510
0.0002542426
0.0002816293
0.0004649565
0.0004162362
0.0006124656
0.0006458939
0.0007537237
0.0004354777
0.0006556246
0.0004016042
0.0002799265
0.0002578163
0.0007812977
0.0008059438
0.0006212301
0.0008323503
0.0006840934
0.0006830888
0.0004779705
0.0004176518
0.0003011638
0.0002255079
0.0004684901
0.0005635780
0.0006062717
0.0008328112
0.0008105561
0.0007101296
0.0005763828
0.0007005365
0.0005929046
0.0005052335
0.0003248824
0.0004083752
0.0006558250
0.0006397334
0.0006855862
0.0004252167
0.0004026365
0.0003573342
0.0006659623
0.0007627130
0.0007366534
0.0007397955
0.0004981781
0.0007596540
0.0004286287
0.0008192680
0.0009364612
0.0008279154
0.0005588825
0.0007862657
0.0006744503
0.0007813370
0.0008537297
0.0009295227
0.0008113316
0.0006685862
0.0006926203
0.0004090560
0.0003592501
0.0006001004
0.0005774923
0.0006829136
0.0009659698
0.0006102500
0.0005955216
0.0010174171
0.0007999043
0.0009931279
0.0007472351
0.0007351314
0.0005938687
0.0007977860
0.0005672355
0.0003822769
0.0004034444
0.0004556332
0.0007552654
0.0006785104
0.0006716229
0.0004041969
0.0002691256
0.0004289639
0.0006463689
0.0006606906
0.0008120506
0.0007312143
0.0008181413
0.0006229839
0.0008042503
0.0007886662
0.0004782987
0.0004510529
0.0004242032
0.0004389389
0.0004170757
0.0005564000
0.0005974936
0.0007371318
0.0004081340
0.0003750274
0.0003179433
0.0005005395
0.0004612358
0.0004732696
0.0004027494
0.0007202585
0.0010162911
0.0006904850
0.0006614391
0.0006579074
0.0006191588
0.0006427601
0.0006877148
0.0006172135
0.0005187316
0.0004883540
0.0005539373
0.0005539813
0.0005124610
0.0007981425
0.0007796960
0.0008563565
0.0008500439
0.0007027474
0.0008159273
0.0005649011
0.0006599191
0.0007834100
0.0004514048
0.0007649618
0.0006716801
0.0004629422
0.0004311414
0.0002196195
0.0005971582
0.0007024451
0.0006075336
0.0008102236
0.0007866493
0.0006084455
0.0008769085
0.0007245964
0.0008199320
0.0005569177
0.0009014242
0.0005476692
0.0007766508
0.0003333796
0.0005190915
0.0004223731
0.0002890466
0.0005029037
0.0004347769
0.0007238167
0.0007956964
0.0006634661
0.0005082805
0.0005777135
0.0006954109
0.0007298977
0.0006534079
0.0008728033
0.0005396822
0.0008210021
0.0007595090
0.0006564356
0.0007603971
0.0007854671
0.0005573563
0.0008017302
0.0007216543
0.0003988250
0.0003734455
0.0003515080
0.0002671490
0.0005456020
0.0006027281
0.0004547963
0.0004196175
0.0005631214
0.0004451468
0.0003255282
0.0005095887
0.0003680299
0.0002182858
0.0002026841
0.0004587839
0.0004833475
0.0004157003
0.0003422305
0.0007203280
0.0008592217
0.0010574511
0.0006834183
0.0007580983
0.0005652952
0.0005954625
0.0004882519
0.0002838185
0.0004084510
0.0003779845
0.0002751091
0.0002328311
0.0002413567
0.0001832139
0.0001603941
0.0003189893
0.0007475183
0.0007397414
0.0006812658
0.0007205689
0.0007732786
0.0008089025
0.0007889019
0.0008040960
0.0006302424
0.0005681944
0.0004910084
0.0004132647
0.0005378742
0.0003763201
0.0005529699
0.0004264518
0.0006955315
0.0005554039
0.0006249490
0.0004765459
0.0003218412
0.0004910907
0.0005556622
0.0003920417
0.0005100358
0.0006458712
0.0006275744
0.0005934293
0.0008330666
0.0008564152
0.0006260750
0.0008055095
0.0005527871
0.0009568304
0.0005232073
0.0007238742
0.0005649741
0.0007876079
0.0006149502
0.0005077800
0.0003633247
0.0005733513
0.0004772527
0.0002860372
0.0002353728
0.0002151256
0.0004762706
0.0005627166
0.0003547701
0.0001646324
0.0002394950
0.0002478560
0.0001894641
0.0004116776
0.0003534757
0.0005715314
0.0006873630
0.0005995032
0.0006261559
0.0007640095
0.0008963503
0.0006445695
0.0004113493
0.0004438675
0.0005382263
0.0004683214
0.0004029551
0.0006699534
0.0008529453
0.0008492018
0.0008750168
0.0009215897
0.0006811333
0.0006152612
0.0007331359
0.0006067411
0.0007243299
0.0003328721
0.0008259795
0.0009411499
0.0008129418
0.0006518372
0.0008345591
0.0006973576
0.0008567734
0.0009615787
0.0009204045
0.0008164581
0.0008037705
0.0009047675
0.0008629349
0.0007911345
0.0007791431
0.0007174955
0.0004198022
0.0003109393
0.0003637906
0.0003327916
0.0004114602
0.0003532186
0.0002336863
0.0003341206
0.0005906616
0.0005589185
0.0006080307
0.0003887821
0.0006997506
0.0009031992
0.0007096366
0.0006746314
0.0007962907
0.0008414638
0.0008406796
0.0003626216
0.0004223438
0.0002990329
0.0003402166
0.0004908939
0.0006852068
0.0003594274
0.0006954799
0.0005373506
0.0006032551
0.0006103654
0.0004956132
0.0004997834
0.0006277030
0.0007202776
0.0009009011
0.0008100419
0.0007768518
0.0007960939
0.0006049615
0.0005970188
0.0009135141
0.0005619015
0.0006544303
0.0007073771
0.0007234728
0.0008988761
0.0005717644
0.0008836118
0.0007030216
0.0007930500
0.0006215021
0.0008183491
0.0008093190
0.0007245281
0.0006360673
0.0005857513
0.0008224451
0.0007314290
0.0006266507
0.0005388747
0.0007028149
0.0004691772
0.0005431330
0.0003569134
0.0003177696
0.0002818785
0.0004425009
0.0003654727
0.0003867068
0.0006424178
0.0004934723
0.0002893700
0.0003899183
0.0003995560
0.0002816032
0.0005277265
0.0005177373
0.0002970738
0.0002064351
0.0003087071
0.0003796169
0.0002558455
0.0002037766
0.0001840745
0.0001768658
0.0006070664
0.0008854097
0.0006307867
0.0006442127
0.0006358182
0.0004857490
0.0006664529
0.0005784312
0.0005103128
0.0005608479
0.0006820508
0.0008765932
0.0007945918
0.0007752373
0.0006290808
0.0007573701
0.0006253946
0.0005014168
0.0006114410
0.0006857379
0.0006962073
0.0006702954
0.0005808255
0.0005117305
0.0003944045
0.0004821064
0.0005909729
0.0006892741
0.0008672172
0.0007050440
0.0008312099
0.0006731247
0.0007006981
0.0006534500
0.0006778581
0.0007017863
0.0005443827
0.0008964820
0.0007418090
0.0007701573
0.0005877668
0.0005417746
0.0006560156
0.0002989992
0.0003898721
0.0004073361
0.0006846650
0.0008297838
0.0004770409
0.0005101118
0.0004974083
0.0003598701
0.0003088015
0.0002581493
0.0003771414
0.0003707058
0.0002415207
0.0002214428
0.0006730490
0.0007573718
0.0007265110
0.0004573284
0.0003481145
0.0003815872
0.0003020822
0.0003126650
0.0007863748
0.0006997466
0.0007821257
0.0008098676
0.0008041330
0.0006280266
0.0002772982
0.0003232934
0.0006344365
0.0008381487
0.0007561105
0.0007675813
0.0003954044
0.0007246797
0.0006992358
0.0005492505
0.0006398592
0.0007335640
0.0005176303
0.0006310136
0.0006638690
0.0005625674
0.0005747270
0.0006941589
0.0006064187
0.0005220489
0.0004489318
0.0003369358
0.0005510022
0.0006684784
0.0004424654
0.0003196186
0.0003335176
0.0001589203
0.0002841468
0.0006819228
0.0008006232
0.0008115256
0.0006501640
0.0005839895
0.0009378692
0.0005940643
0.0007251339
0.0008551871
0.0007797593
0.0006434406
0.0006511339
0.0006990904
0.0007239810
0.0008080859
0.0005747225
0.0005449799
0.0007348505
0.0007292280
0.0008014168
0.0006797535
0.0007665938
0.0007807280
0.0006962720
0.0005551212
0.0007500643
0.0004478236
0.0006292470
0.0007290455
0.0005447781
0.0007329569
0.0005129743
0.0005875454
0.0006461963
0.0007951768
0.0009284583
0.0005215158
0.0002851708
0.0002559501
0.0003556570
0.0004267129
0.0006737748
0.0004322834
0.0005313127
0.0004000010
0.0002409048
0.0003835539
0.0003264279
0.0003324528
0.0004803495
0.0005838818
0.0005944051
0.0006883197
0.0007834413
0.0004313238
0.0002873318
0.0005346350
0.0006747297
0.0005981497
0.0008942289
0.0005486613
0.0006679591
0.0007625161
0.0004263996
0.0004653246
0.0005593554
0.0006018229
0.0005363704
0.0005891684
0.0008539238
0.0009555425
0.0007093439
0.0003988969
0.0006290560
0.0005459653
0.0008095657
0.0006558432
0.0007800079
0.0006363184
0.0006199767
0.0005329216
0.0005347825
0.0004321104
0.0006123031
0.0005406218
0.0003883044
0.0002874832
0.0004764241
0.0005666876
0.0006457874
0.0007051893
0.0005929540
0.0006051151
0.0006926877
0.0003208920
0.0003685945
0.0007388129
0.0008157843
0.0006657829
0.0004646912
0.0002043330
0.0004653218
0.0004372936
0.0004722605
0.0003125844
0.0003160754
0.0002510905
0.0003318352
0.0002672825
0.0002549518
0.0002620369
0.0002610740
0.0002294995
0.0003018168
0.0002294849
0.0001357539
0.0004022800
0.0003706734
0.0006048710
0.0007325008
0.0006696526
0.0007479853
0.0007866813
0.0008311035
0.0005272151
0.0005651397
0.0006909922
0.0006754814
0.0007034969
0.0008786586
0.0004741269
0.0006941970
0.0007268466
0.0006739584
0.0005088342
0.0003874689
0.0005096426
0.0004789194
0.0003649489
0.0003726122
0.0006286951
0.0005044773
0.0004909154
0.0004689512
0.0005889109
0.0003929872
0.0001916174
0.0001779914
0.0002129467
0.0002698108
0.0003749581
0.0004709980
0.0003614648
0.0002425489
0.0001938357
0.0006461213
0.0002438555
0.0005188800
0.0006764317
0.0008769526
0.0007098252
0.0008256800
0.0006795585
0.0007998764
0.0007190055
0.0006002310
0.0005925811
0.0004465308
0.0004365025
0.0002875319
0.0002463018
0.0004286987
0.0006958400
0.0010388522
0.0006077629
0.0008890988
0.0007957072
0.0007416951
0.0006538230
0.0009754071
0.0006995269
0.0005141245
0.0005823424
0.0006593794
0.0005773309
0.0004107730
0.0004815824
0.0003219912
0.0003900755
0.0004552273
0.0002902377
0.0003069979
0.0006460488
0.0010347803
0.0010207535
0.0007490996
0.0005428194
0.0004423062
0.0004111975
0.0009413910
0.0008916576
0.0007134801
0.0010388896
0.0006345414
0.0007342853
0.0007030499
0.0007796981
0.0006052186
0.0006862492
0.0005145038
0.0006793724
0.0005719805
0.0006185986
0.0005230961
0.0008079272
0.0006439714
0.0009011723
0.0006019219
0.0007782136
0.0008063434
0.0004723511
0.0004195149
0.0005212608
0.0009571098
0.0007940393
0.0008296325
0.0007645765
0.0006730455
0.0006268834
0.0007031064
0.0006495695
0.0005228141
0.0004060543
0.0003637756
0.0004037799
0.0004520167
0.0004598069
0.0004620158
0.0007409065
0.0004840158
0.0006700594
0.0007049740
0.0006091991
0.0006015988
0.0004890531
0.0008165224
0.0007589656
0.0007864178
0.0005457031
0.0007437657
0.0006915969
0.0005982850
0.0007890204
0.0008768007
0.0004706702
0.0003963218
0.0004748425
0.0003580449
0.0002996965
0.0004411950
0.0005679515
0.0006043144
0.0005528631
0.0005884446
0.0006613599
0.0006340513
0.0005091906
0.0007868372
0.0006907049
0.0006959141
0.0004984679
0.0004639366
0.0002573186
0.0003810502
0.0003736942
0.0005783923
0.0006537311
0.0005834282
0.0003805671
0.0003908530
0.0006542190
0.0005030639
0.0006739930
0.0006065719
0.0005256885
0.0008300755
0.0005664456
0.0005200662
0.0003752088
0.0003868903
0.0003733322
0.0003326531
0.0003710270
0.0004566925
0.0003682569
0.0002767691
0.0006053877
0.0007044914
0.0006324236
0.0006204897
0.0006345868
0.0005915063
0.0005249459
0.0005267922
0.0006349201
0.0006746286
0.0007114349
0.0009211920
0.0006187382
0.0003523822
0.0006207366
0.0006457245
0.0007186296
0.0005534644
0.0004300952
0.0003848646
0.0006045097
0.0005993637
0.0004783420
0.0008429476
0.0008659092
0.0005259673
0.0006799095
0.0007853336
0.0009311655
0.0006861582
0.0006136796
0.0005267279
0.0007242713
0.0006228000
0.0006460951
0.0005261587
0.0008022499
0.0006016261
0.0005345833
0.0008349322
0.0006523245
0.0004022858
0.0005305512
0.0006496183
0.0006996869
0.0007046070
0.0008588510
0.0007743618
0.0006536521
0.0006116832
0.0007001571
0.0003944021
0.0004950048
0.0003998459
0.0003650324
0.0005243327
0.0005241980
0.0003955566
0.0002935523
0.0005348998
0.0007717040
0.0007651845
0.0004598955
0.0006046448
0.0007147519
0.0006283514
0.0007722787
0.0005398120
0.0005412639
0.0005523630
0.0003073413
0.0004776936
0.0005610713
0.0003543587
0.0003549303
0.0003196035
0.0003250605
0.0002818711
0.0003228331
0.0005372667
0.0005368257
0.0006216874
0.0010703428
0.0007542884
0.0008828492
0.0004597321
0.0004149385
0.0006655088
0.0006032328
0.0006861344
0.0008311861
0.0008035165
0.0008050494
0.0005822674
0.0007323158
0.0006561032
0.0007208036
0.0007534055
0.0006634251
0.0008454716
0.0007472933
0.0006692265
0.0008895519
0.0007152060
0.0006061658
0.0006198375
0.0003682160
0.0003374466
0.0003821351
0.0002279816
0.0003138937
0.0002388521
0.0002977020
0.0002540365
0.0002391242
0.0002912462
0.0005670052
0.0008675038
0.0007231697
0.0008879330
0.0008892081
0.0007141695
0.0007287491
0.0005552578
0.0004691080
0.0003858516
0.0002952153
0.0004280854
0.0009309475
0.0006514363
0.0007428461
0.0009697752
0.0008299696
0.0006702166
0.0007098938
0.0007832617
0.0006496967
0.0007459971
0.0007513824
0.0004760410
0.0005821387
0.0002814639
0.0008222297
0.0009277876
0.0007515524
0.0006748778
0.0006465057
0.0003808794
0.0002443248
0.0003315429
0.0002926499
0.0002499740
0.0003380363
0.0006635042
0.0007636763
0.0005428231
0.0005256925
0.0005433577
0.0003854318
0.0002884118
0.0002585556
0.0004296852
0.0004764772
0.0002690606
0.0002304616
0.0002633824
0.0002455399
0.0003773839
0.0005600690
0.0006828464
0.0005646069
0.0007855432
0.0007831015
0.0006951862
0.0006658287
0.0007005621
0.0006663830
0.0008999036
0.0007625053
0.0006863006
0.0005053151
0.0006509431
0.0005625316
0.0005816136
0.0006751866
0.0006143824
0.0006182226
0.0008221649
0.0007554080
0.0008556061
0.0004423166
0.0005717512
0.0006066093
0.0002000903
0.0003256019
0.0008104918
0.0009350610
0.0009262249
0.0007900746
0.0007363857
0.0008149162
0.0005512039
0.0008875170
0.0007301184
0.0005125139
0.0007939351
0.0007818790
0.0007732449
0.0004550615
0.0007033245
0.0004284282
0.0003547646
0.0006473374
0.0007555403
0.0007433863
0.0007614200
0.0006013319
0.0005117684
0.0006205220
0.0006619269
0.0007348070
0.0008669852
0.0007601192
0.0005608363
0.0008680211
0.0004766844
0.0009435305
0.0008137472
0.0007465297
0.0006397024
0.0006958773
0.0005981203
0.0004361579
0.0006701260
0.0006026951
0.0006031983
0.0004502605
0.0006817120
0.0005937498
0.0006546320
0.0005344608
0.0006489229
0.0008584593
0.0008061105
0.0005008359
0.0005722360
0.0006729381
0.0006951680
0.0005939259
0.0003867045
0.0006544518
0.0004054653
0.0003673483
0.0005264525
0.0004819862
0.0007513349
0.0006483512
0.0005000348
0.0004271518
0.0004345731
0.0007248695
0.0008835708
0.0006105489
0.0005445482
0.0004917402
0.0005584406
0.0007015911
0.0006466859
0.0005102690
0.0007299776
0.0005670073
0.0006455743
0.0006897006
0.0006395401
0.0006146727
0.0007050404
0.0009299035
0.0006412964
0.0005835660
0.0005950269
0.0006212101
0.0005837540
0.0006891911
0.0005223110
0.0006118528
0.0007833888
0.0009022373
0.0006848696
0.0004633771
0.0006505847
0.0004051059
0.0003769312
0.0003790536
0.0003289919
0.0005136165
0.0006296278
0.0008236783
0.0007362237
0.0006264561
0.0006602568
0.0007050066
0.0005579777
0.0006812205
0.0007827744
0.0007484245
0.0003319019
0.0005215836
0.0005856797
0.0007700240
0.0006371841
0.0005339571
0.0004479959
0.0005551857
0.0005316788
0.0005825517
0.0006276102
0.0007096894
0.0005519933
0.0005351015
0.0005343981
0.0006074459
0.0006989730
0.0005490475
0.0006256687
0.0008409176
0.0006755544
0.0003148180
0.0003555397
0.0002357371
0.0005466275
0.0007507412
0.0008035720
0.0008229213
0.0004258711
0.0003677780
0.0006749173
0.0009394590
0.0006346311
0.0006341442
0.0004838759
0.0007222033
0.0004957671
0.0006869199
0.0005485911
0.0006786405
0.0004201752
0.0006238644
0.0004481576
0.0005125328
0.0004188881
0.0007100144
0.0005849194
0.0006680023
0.0003965082
0.0005501906
0.0007718972
0.0006768937
0.0007272185
0.0005693846
0.0006110261
0.0006700869
0.0005066753
0.0006223039
0.0006425687
0.0007263202
0.0006961042
0.0010362541
0.0007522420
0.0002184927
0.0001906158
0.0001771271
0.0001654238
0.0003995341
0.0005666102
0.0006720957
0.0006642676
0.0006934809
0.0005372612
0.0004084018
0.0005401716
0.0006798664
0.0005872110
0.0008090084
0.0006236376
0.0007299323
0.0008928392
0.0006361455
0.0007245376
0.0006463708
0.0004508201
0.0003792292
0.0007007678
0.0006544878
0.0005755400
0.0004952857
0.0006736447
0.0004721158
0.0007186784
0.0004044952
0.0006190982
0.0008061979
0.0006472568
0.0003549105
0.0004854224
0.0006240049
0.0004563765
0.0006426414
0.0003937658
