0.0326536481
0.0175986742
0.0108557873
0.0112954656
0.0075366626
0.0096264784
0.0071881170
0.0095580128
0.0077668074
0.0085868156
0.0075340083
0.0084941152
0.0031879095
0.0052733142
0.0071507524
0.0068162457
0.0065065845
0.0047661565
0.0068154401
0.0071822691
0.0049710318
0.0060129502
0.0078837550
0.0074399374
0.0074826841
0.0065273930
0.0065554819
0.0050512682
0.0052559942
0.0072527855
0.0072180163
0.0074745537
0.0036095376
0.0090430421
0.0022269080
0.0057204246
0.0060376020
0.0065732735
0.0067077337
0.0071597802
0.0071372494
0.0071235300
0.0076683299
0.0038647662
0.0056649649
0.0057459559
0.0049522503
0.0058964084
0.0057777826
0.0054817337
0.0054021093
0.0049741081
0.0065264796
0.0055141819
0.0057613971
0.0040505733
0.0048432816
0.0055333034
0.0024371848
0.0052016474
0.0059255957
0.0073038692
0.0075187588
0.0061070238
0.0065890180
0.0070062707
0.0065441382
0.0040364540
0.0037045875
0.0058719486
0.0041794912
0.0035266440
0.0068605292
0.0042963425
0.0051355030
0.0070733584
0.0071157308
0.0062135938
0.0062329455
0.0077233807
0.0063376950
0.0066828155
0.0062735699
0.0045435514
0.0058582052
0.0051749789
0.0054405257
0.0035859757
0.0036962923
0.0038368188
0.0026444814
0.0032130774
0.0033896615
0.0046733971
0.0032227428
0.0024575958
0.0047227935
0.0062537386
0.0056554515
0.0051116275
0.0051715593
0.0043270704
0.0050562557
0.0042540000
0.0051347011
0.0035419433
0.0048249844
0.0058857156
0.0070205481
0.0034878710
0.0050555015
0.0065047339
0.0075973841
0.0075076705
0.0067688071
0.0059462210
0.0056641422
0.0058335280
0.0050299275
0.0071045112
0.0058367308
0.0080614491
0.0068208866
0.0060250053
0.0053833565
0.0061917282
0.0043931226
0.0072605724
0.0076387710
0.0058987746
0.0051690124
0.0066647550
0.0061968280
0.0036892434
0.0076755822
0.0073149343
0.0062641114
0.0065868187
0.0069940756
0.0034396294
0.0037969119
0.0044439916
0.0060762346
0.0062202699
0.0035380611
0.0061714465
0.0068881241
0.0032076147
0.0052779079
0.0063347960
0.0051791617
0.0038572005
0.0048887788
0.0043340631
0.0032098340
0.0048127375
0.0054338449
0.0052529976
0.0037371242
0.0040117622
0.0041879666
0.0050788177
0.0039044258
0.0031934197
0.0026440335
0.0028727349
0.0024192008
0.0026284814
0.0017684946
0.0055122650
