0.0037353448
0.0018239800
0.0015720791
0.0009449462
0.0014345818
0.0009558956
0.0012346159
0.0013095210
0.0007412400
0.0009403184
0.0009407051
0.0011459264
0.0007333789
0.0006393868
0.0007883888
0.0008772591
0.0006941937
0.0008341642
0.0005571374
0.0004537079
0.0006661384
0.0005568275
0.0007231402
0.0007673265
0.0005046488
0.0004600523
0.0006557099
0.0007316763
0.0004983240
0.0004655172
0.0006252133
0.0009083490
0.0006487874
0.0008683893
0.0006525616
0.0006185180
0.0007433764
0.0005503176
0.0008229063
0.0007009563
0.0006913050
0.0007010288
0.0008584637
0.0007613859
0.0006307134
0.0006660418
0.0009902337
0.0007513710
0.0007929392
0.0006512925
0.0008133836
0.0006116647
0.0004388978
0.0007051183
0.0006522846
0.0006831094
0.0006433445
0.0005153190
0.0006397301
0.0006758297
0.0005661787
0.0006823456
0.0008827928
0.0008864305
0.0009038770
0.0005613041
0.0007572876
0.0006837069
0.0009519469
0.0007483177
0.0007479835
0.0007890149
0.0007689793
0.0009108983
0.0006923807
0.0007216518
0.0006390971
0.0007043969
0.0006094876
0.0007787408
0.0008090424
0.0008405971
0.0006408495
0.0007004397
0.0005377849
0.0008417611
0.0007549918
0.0003973264
0.0005341331
0.0004373529
0.0005611481
0.0005544934
0.0005074089
0.0005596621
0.0004775437
0.0006376805
0.0005682946
0.0005737354
0.0008048444
0.0006181862
0.0007081905
0.0008578762
0.0007831397
0.0006069599
0.0006459488
0.0006612205
0.0005630643
0.0006675709
0.0005355404
0.0006214866
0.0009539841
0.0005424465
0.0007322735
0.0003699029
0.0004084341
0.0005758031
0.0007392587
0.0006367051
0.0004869623
0.0006055037
0.0007394386
0.0005377767
0.0007247506
0.0009215913
0.0007090760
0.0006331224
0.0007768185
0.0006616646
0.0007648107
0.0005014047
0.0005973938
0.0007253884
0.0006419373
0.0005387217
0.0004165703
0.0004407848
0.0004163923
0.0003770127
0.0006854611
0.0007715911
0.0008996762
0.0005530693
0.0008592177
0.0007555742
0.0005575764
0.0003259651
0.0004046836
0.0005394385
0.0007538758
0.0007585475
0.0009080021
0.0008179102
0.0006497845
0.0004358364
0.0004807750
0.0005428210
0.0005900893
0.0005180311
0.0007581496
0.0005816201
0.0007526375
0.0002252538
0.0003487049
0.0003169329
0.0002390367
0.0002301187
0.0004924305
0.0006904783
0.0005854382
0.0009201347
0.0007440728
0.0007414361
0.0007604181
0.0005743117
0.0004560582
0.0003400914
0.0003786122
0.0005563637
0.0007641509
0.0004106169
0.0005314055
0.0005811388
0.0003807630
0.0003049253
0.0005884918
0.0006449950
0.0008606945
0.0007570557
0.0009053344
0.0004662998
0.0005840913
0.0003948409
0.0005203652
0.0005653880
0.0006796847
0.0006328844
0.0005215376
0.0005427110
0.0003844614
0.0005589677
0.0005230007
0.0002781976
0.0001841436
0.0001929491
0.0003592458
0.0005346171
0.0006043498
0.0007433368
0.0007486166
0.0009370370
0.0006481836
0.0006223741
0.0006687784
0.0006637860
0.0004745253
0.0003608273
0.0003521893
0.0003965299
0.0002691437
0.0004018937
0.0006030162
0.0005567026
0.0007706232
0.0007495253
0.0008872373
0.0004904046
0.0005462057
0.0005563473
0.0008894606
0.0007175745
0.0006567825
0.0003065734
0.0001529828
0.0001837259
0.0005561528
0.0003860183
0.0006249631
0.0004919086
0.0007359810
0.0007992891
0.0004622231
0.0004485361
0.0005062920
0.0006499994
0.0007046086
0.0005795921
0.0006927133
0.0005824111
0.0004430000
0.0003632485
0.0003700358
0.0006131730
0.0007382850
0.0007324495
0.0008981848
0.0005388718
0.0006505449
0.0005626315
0.0007688479
0.0007220485
0.0006255037
0.0006258087
0.0005366127
0.0006548749
0.0002458815
0.0003557494
0.0002882663
0.0003444778
0.0005425341
0.0005435628
0.0007870162
0.0006610005
0.0006575402
0.0006377156
0.0007500800
0.0007053355
0.0008254116
0.0003408245
0.0005124321
0.0005841680
0.0005176546
0.0009097385
0.0005392910
0.0004600773
0.0003853981
0.0003839884
0.0003784560
0.0002731102
0.0004525096
0.0008576568
0.0008370597
0.0007019411
0.0008974451
0.0009885063
0.0008073020
0.0005496729
0.0005661250
0.0008220852
0.0004844543
0.0003057295
0.0002716074
0.0004343069
0.0006807534
0.0006582551
0.0008330567
0.0007387215
0.0008292063
0.0004190031
0.0003042350
0.0004858410
0.0007199072
0.0005921878
0.0005701800
0.0007109989
0.0005005390
0.0003903413
0.0003897528
0.0005994605
0.0005783990
0.0006825925
0.0005399796
0.0006759055
0.0006814697
0.0006355062
0.0004835434
0.0005971151
0.0005266724
0.0004116416
0.0004988318
0.0008094737
0.0007004873
0.0006182887
0.0005759261
0.0007139255
0.0006944444
0.0004503449
0.0006877317
0.0005199639
0.0004939166
0.0003401059
0.0002478902
0.0007045534
0.0008796220
0.0009300871
0.0009032443
0.0005415477
0.0007286470
0.0006351121
0.0005877017
0.0004630872
0.0005838091
0.0008917593
0.0006138077
0.0006943055
0.0005338160
0.0007174443
0.0007112225
0.0006906280
0.0006142464
0.0002447933
0.0002005486
0.0001853187
0.0001727984
0.0002438774
0.0003219331
0.0003726827
0.0005310061
0.0005711617
0.0004420569
0.0006976727
0.0006111883
0.0006693206
0.0008865723
0.0008911168
0.0007489971
0.0005463576
0.0004758606
0.0003278996
0.0008203920
0.0008473449
0.0007798650
0.0009380167
0.0006289348
0.0008761393
0.0005734735
0.0007447047
0.0005669518
0.0004329390
0.0005560767
0.0006391349
0.0004732708
0.0004189442
0.0002501269
0.0003455803
0.0005937828
0.0006374017
0.0007632123
0.0008161333
0.0007122307
0.0007824904
0.0006423206
0.0005023602
0.0004488812
0.0003131634
0.0007441614
0.0008324810
0.0008017221
0.0008291773
0.0009196201
0.0006818126
0.0007263925
0.0005199676
0.0008555432
0.0007336698
0.0007519894
0.0005166069
0.0009255268
0.0005445127
0.0004134247
0.0006214092
0.0006066301
0.0007294995
0.0005606119
0.0005016159
0.0008032768
0.0006136197
0.0003098191
0.0001572563
0.0002316867
0.0002092953
0.0002896138
0.0005444898
0.0010438907
0.0008986326
0.0002822487
0.0003770392
0.0005610578
0.0008241912
0.0006422808
0.0007731633
0.0009378049
0.0005181838
0.0006997198
0.0004698694
0.0007360401
0.0007312588
0.0006562026
0.0005889828
0.0005698325
0.0006738540
0.0006070794
0.0004211903
0.0003690203
0.0002879813
0.0004511808
0.0005061430
0.0005440770
0.0006612014
0.0006897637
0.0007109377
0.0004149035
0.0004669755
0.0005539330
0.0005198808
0.0002624140
0.0001364453
0.0002760310
0.0002479370
0.0002746445
0.0004534249
0.0004059130
0.0005972756
0.0006298749
0.0007350304
0.0004246772
0.0006393643
0.0003916439
0.0002729840
0.0002514221
0.0007619205
0.0007859554
0.0006058228
0.0008117069
0.0006671270
0.0006661473
0.0004661162
0.0004072935
0.0002936945
0.0002199150
0.0004568709
0.0005496005
0.0005912354
0.0008121563
0.0007904532
0.0006925175
0.0005620877
0.0006831622
0.0005781997
0.0004927030
0.0003168248
0.0003982469
0.0006395596
0.0006238672
0.0006685827
0.0004146708
0.0003926506
0.0003484718
0.0006494455
0.0007437967
0.0007183834
0.0007214476
0.0004858226
0.0007408136
0.0004179981
0.0007989490
0.0009132357
0.0008073820
0.0005450215
0.0007667653
0.0006577230
0.0007619588
0.0008325560
0.0009064693
0.0007912095
0.0006520044
0.0006754424
0.0003989109
0.0003503402
0.0005852171
0.0005631697
0.0006659764
0.0009420125
0.0005951149
0.0005807518
0.0009921838
0.0007800656
0.0009684970
0.0007287026
0.0007168991
0.0005791400
0.0007779998
0.0005531673
0.0003727959
0.0003934384
0.0004443329
0.0007365338
0.0006616824
0.0006549657
0.0003941723
0.0002624509
0.0004183250
0.0006303381
0.0006443045
0.0007919106
0.0007130792
0.0007978503
0.0006075331
0.0007843038
0.0007691062
0.0004664363
0.0004398662
0.0004136824
0.0004280526
0.0004067316
0.0005426006
0.0005826749
0.0007188500
0.0003980117
0.0003657262
0.0003100579
0.0004881254
0.0004497965
0.0004615319
0.0003927606
0.0007023951
0.0009910857
0.0006733600
0.0006450345
0.0006415904
0.0006038028
0.0006268188
0.0006706585
0.0006019058
0.0005058664
0.0004762422
0.0005401989
0.0005402418
0.0004997512
0.0007783475
0.0007603585
0.0008351177
0.0008289616
0.0006853184
0.0007956912
0.0005508908
0.0006435522
0.0007639803
0.0004402093
0.0007459897
0.0006550215
0.0004514606
0.0004204485
0.0002141727
0.0005823479
0.0006850235
0.0005924659
0.0007901290
0.0007671394
0.0005933552
0.0008551600
0.0007066255
0.0007995966
0.0005431054
0.0008790676
0.0005340863
0.0007573888
0.0003251114
0.0005062174
0.0004118977
0.0002818779
0.0004904310
0.0004239939
0.0007058651
0.0007759620
0.0006470112
0.0004956744
0.0005633854
0.0006781637
0.0007117953
0.0006372025
0.0008511566
0.0005262973
0.0008006401
0.0007406722
0.0006401552
0.0007415382
0.0007659865
0.0005435331
0.0007818462
0.0007037563
0.0003889336
0.0003641835
0.0003427901
0.0002605233
0.0005320703
0.0005877796
0.0004435168
0.0004092104
0.0005491553
0.0004341066
0.0003174547
0.0004969502
0.0003589022
0.0002128720
0.0001976572
0.0004474054
0.0004713598
0.0004053904
0.0003337427
0.0007024629
0.0008379119
0.0010312249
0.0006664686
0.0007392965
0.0005512751
0.0005806942
0.0004761426
0.0002767794
0.0003983208
0.0003686100
0.0002682860
0.0002270566
0.0002353707
0.0001786699
0.0001564161
0.0003110779
0.0007289788
0.0007213948
0.0006643695
0.0007026978
0.0007541002
0.0007888407
0.0007693361
0.0007841533
0.0006146115
0.0005541024
0.0004788308
0.0004030152
0.0005245342
0.0003669869
0.0005392555
0.0004158752
0.0006782814
0.0005416291
0.0006094494
0.0004647269
0.0003138591
0.0004789110
0.0005418810
0.0003823185
0.0004973862
0.0006298527
0.0006120097
0.0005787115
0.0008124054
0.0008351749
0.0006105475
0.0007855317
0.0005390772
0.0009330997
0.0005102310
0.0007059211
0.0005509620
0.0007680742
0.0005996986
0.0004951864
0.0003543138
0.0005591314
0.0004654162
0.0002789431
0.0002295352
0.0002097902
0.0004644585
0.0005487604
0.0003459713
0.0001605493
0.0002335552
0.0002417089
0.0001847651
0.0004014675
0.0003447091
0.0005573566
0.0006703155
0.0005846347
0.0006106264
0.0007450610
0.0008741196
0.0006285833
0.0004011473
0.0004328590
0.0005248775
0.0004567064
0.0003929613
0.0006533377
0.0008317911
0.0008281405
0.0008533152
0.0008987331
0.0006642403
0.0006000019
0.0007149532
0.0005916931
0.0007063655
0.0003246164
0.0008054941
0.0009178081
0.0007927797
0.0006356707
0.0008138609
0.0006800621
0.0008355243
0.0009377302
0.0008975772
0.0007962089
0.0007838359
0.0008823281
0.0008415329
0.0007715133
0.0007598193
0.0006997006
0.0004093906
0.0003032276
0.0003547681
0.0003245379
0.0004012554
0.0003444583
0.0002278906
0.0003258339
0.0005760124
0.0005450566
0.0005929507
0.0003791397
0.0006823959
0.0008807987
0.0006920366
0.0006578996
0.0007765416
0.0008205944
0.0008198296
0.0003536281
0.0004118691
0.0002916164
0.0003317788
0.0004787191
0.0006682127
0.0003505131
0.0006782311
0.0005240236
0.0005882935
0.0005952275
0.0004833214
0.0004873881
0.0006121351
0.0007024138
0.0008785576
0.0007899518
0.0007575848
0.0007763497
0.0005899577
0.0005822120
0.0008908577
0.0005479656
0.0006381995
0.0006898332
0.0007055297
0.0008765828
0.0005575839
0.0008616971
0.0006855857
0.0007733813
0.0006060880
0.0007980530
0.0007892468
0.0007065588
0.0006202920
0.0005712239
0.0008020473
0.0007132885
0.0006111089
0.0005255098
0.0006853841
0.0004575409
0.0005296625
0.0003480615
0.0003098885
0.0002748876
0.0004315262
0.0003564085
0.0003771159
0.0006264850
0.0004812335
0.0002821932
0.0003802478
0.0003896465
0.0002746191
0.0005146382
0.0005048967
0.0002897060
0.0002013152
0.0003010508
0.0003702019
0.0002495002
0.0001987226
0.0001795092
0.0001724792
0.0005920103
0.0008634504
0.0006151424
0.0006282353
0.0006200490
0.0004737018
0.0006499240
0.0005640853
0.0004976563
0.0005469381
0.0006651351
0.0008548525
0.0007748848
0.0007560104
0.0006134787
0.0007385863
0.0006098840
0.0004889810
0.0005962764
0.0006687307
0.0006789404
0.0006536711
0.0005664203
0.0004990389
0.0003846227
0.0004701495
0.0005763159
0.0006721791
0.0008457090
0.0006875580
0.0008105948
0.0006564303
0.0006833198
0.0006372436
0.0006610463
0.0006843810
0.0005308813
0.0008742481
0.0007234111
0.0007510564
0.0005731894
0.0005283379
0.0006397455
0.0002915836
0.0003802028
0.0003972336
0.0006676844
0.0008092040
0.0004652096
0.0004974603
0.0004850719
0.0003509449
0.0003011428
0.0002517468
0.0003677878
0.0003615118
0.0002355306
0.0002159507
0.0006563564
0.0007385879
0.0007084926
0.0004459860
0.0003394808
0.0003721233
0.0002945902
0.0003049105
0.0007668716
0.0006823920
0.0007627279
0.0007897818
0.0007841894
0.0006124507
0.0002704209
0.0003152753
0.0006187016
0.0008173615
0.0007373580
0.0007485443
0.0003855978
0.0007067066
0.0006818938
0.0005356283
0.0006239899
0.0007153706
0.0005047924
0.0006153636
0.0006474041
0.0005486150
0.0005604730
0.0006769429
0.0005913787
0.0005091014
0.0004377976
0.0003285793
0.0005373366
0.0006518993
0.0004314917
0.0003116917
0.0003252460
0.0001549789
0.0002770996
0.0006650102
0.0007807667
0.0007913987
0.0006340391
0.0005695057
0.0009146088
0.0005793307
0.0007071496
0.0008339773
0.0007604202
0.0006274824
0.0006349849
0.0006817520
0.0007060253
0.0007880442
0.0005604686
0.0005314637
0.0007166252
0.0007111421
0.0007815406
0.0006628947
0.0007475813
0.0007613649
0.0006790035
0.0005413535
0.0007314617
0.0004367169
0.0006136408
0.0007109641
0.0005312669
0.0007147786
0.0005002518
0.0005729735
0.0006301697
0.0007754554
0.0009054313
0.0005085815
0.0002780982
0.0002496022
0.0003468362
0.0004161299
0.0006570643
0.0004215622
0.0005181355
0.0003900804
0.0002349301
0.0003740413
0.0003183320
0.0003242075
0.0004684362
0.0005694007
0.0005796630
0.0006712484
0.0007640109
0.0004206264
0.0002802056
0.0005213753
0.0006579954
0.0005833148
0.0008720508
0.0005350537
0.0006513928
0.0007436046
0.0004158243
0.0004537839
0.0005454826
0.0005868969
0.0005230677
0.0005745563
0.0008327453
0.0009318438
0.0006917512
0.0003890038
0.0006134545
0.0005324246
0.0007894874
0.0006395774
0.0007606627
0.0006205368
0.0006046005
0.0005197044
0.0005215192
0.0004213935
0.0005971171
0.0005272136
0.0003786739
0.0002803532
0.0004646081
0.0005526330
0.0006297710
0.0006876996
0.0005782479
0.0005901074
0.0006755081
0.0003129335
0.0003594529
0.0007204894
0.0007955518
0.0006492706
0.0004531662
0.0001992653
0.0004537812
0.0004264481
0.0004605478
0.0003048319
0.0003082363
0.0002448631
0.0003236052
0.0002606536
0.0002486287
0.0002555380
0.0002545990
0.0002238076
0.0002943313
0.0002237933
0.0001323870
0.0003923029
0.0003614802
0.0005898694
0.0007143338
0.0006530443
0.0007294343
0.0007671705
0.0008104910
0.0005141395
0.0005511234
0.0006738547
0.0006587285
0.0006860492
0.0008568667
0.0004623679
0.0006769800
0.0007088199
0.0006572433
0.0004962144
0.0003778592
0.0004970028
0.0004670415
0.0003558976
0.0003633709
0.0006131026
0.0004919655
0.0004787400
0.0004573206
0.0005743051
0.0003832406
0.0001868651
0.0001735770
0.0002076654
0.0002631191
0.0003656586
0.0004593166
0.0003524999
0.0002365334
0.0001890283
0.0006300966
0.0002378076
0.0005060111
0.0006596553
0.0008552029
0.0006922205
0.0008052020
0.0006627045
0.0007800384
0.0007011732
0.0005853444
0.0005778842
0.0004354562
0.0004256766
0.0002804007
0.0002401932
0.0004180664
0.0006785822
0.0010130873
0.0005926896
0.0008670479
0.0007759726
0.0007233001
0.0006376073
0.0009512157
0.0006821777
0.0005013735
0.0005678995
0.0006430259
0.0005630124
0.0004005852
0.0004696385
0.0003140053
0.0003804011
0.0004439371
0.0002830395
0.0002993839
0.0006300259
0.0010091164
0.0009954374
0.0007305209
0.0005293567
0.0004313364
0.0004009992
0.0009180432
0.0008695433
0.0006957848
0.0010131237
0.0006188039
0.0007160740
0.0006856133
0.0007603606
0.0005902084
0.0006692292
0.0005017434
0.0006625231
0.0005577946
0.0006032565
0.0005101226
0.0007878895
0.0006280001
0.0008788220
0.0005869934
0.0007589129
0.0007863450
0.0004606362
0.0004091103
0.0005083328
0.0009333722
0.0007743460
0.0008090565
0.0007456140
0.0006563531
0.0006113359
0.0006856684
0.0006334593
0.0005098476
0.0003959836
0.0003547535
0.0003937656
0.0004408060
0.0004484031
0.0004505571
0.0007225310
0.0004720115
0.0006534410
0.0006874897
0.0005940901
0.0005866784
0.0004769239
0.0007962715
0.0007401423
0.0007669136
0.0005321689
0.0007253193
0.0006744444
0.0005834467
0.0007694516
0.0008550549
0.0004589970
0.0003864924
0.0004630658
0.0003491649
0.0002922637
0.0004302528
0.0005538655
0.0005893266
0.0005391513
0.0005738504
0.0006449572
0.0006183260
0.0004965620
0.0007673226
0.0006735745
0.0006786545
0.0004861053
0.0004524303
0.0002509368
0.0003715996
0.0003644261
0.0005640474
0.0006375176
0.0005689584
0.0003711286
0.0003811593
0.0006379935
0.0004905872
0.0006572771
0.0005915281
0.0005126507
0.0008094885
0.0005523970
0.0005071678
0.0003659031
0.0003772949
0.0003640731
0.0003244028
0.0003618250
0.0004453659
0.0003591236
0.0002699048
0.0005903733
0.0006870190
0.0006167386
0.0006051007
0.0006188482
0.0005768362
0.0005119265
0.0005137271
0.0006191732
0.0006578969
0.0006937903
0.0008983452
0.0006033927
0.0003436426
0.0006053415
0.0006297097
0.0007008066
0.0005397378
0.0004194283
0.0003753194
0.0005895170
0.0005844987
0.0004664785
0.0008220413
0.0008444335
0.0005129226
0.0006630468
0.0007658563
0.0009080713
0.0006691405
0.0005984595
0.0005136643
0.0007063084
0.0006073538
0.0006300710
0.0005131093
0.0007823531
0.0005867049
0.0005213249
0.0008142248
0.0006361460
0.0003923086
0.0005173929
0.0006335069
0.0006823338
0.0006871318
0.0008375503
0.0007551566
0.0006374407
0.0005965126
0.0006827923
0.0003846204
0.0004827280
0.0003899292
0.0003559791
0.0005113286
0.0005111972
0.0003857463
0.0002862719
0.0005216336
0.0007525647
0.0007462069
0.0004484894
0.0005896487
0.0006970251
0.0006127674
0.0007531252
0.0005264239
0.0005278398
0.0005386637
0.0002997188
0.0004658462
0.0005471560
0.0003455702
0.0003461275
0.0003116769
0.0003169986
0.0002748803
0.0003148264
0.0005239418
0.0005235117
0.0006062687
0.0010437969
0.0007355810
0.0008609534
0.0004483302
0.0004046475
0.0006490033
0.0005882718
0.0006691173
0.0008105716
0.0007835882
0.0007850831
0.0005678264
0.0007141534
0.0006398309
0.0007029267
0.0007347200
0.0006469713
0.0008245028
0.0007287594
0.0006526288
0.0008674898
0.0006974679
0.0005911321
0.0006044647
0.0003590837
0.0003290775
0.0003726577
0.0002223273
0.0003061087
0.0002329283
0.0002903186
0.0002477361
0.0002331936
0.0002840229
0.0005529427
0.0008459885
0.0007052341
0.0008659111
0.0008671545
0.0006964572
0.0007106752
0.0005414866
0.0004574735
0.0003762820
0.0002878935
0.0004174683
0.0009078587
0.0006352798
0.0007244225
0.0009457234
0.0008093852
0.0006535943
0.0006922875
0.0007638357
0.0006335833
0.0007274954
0.0007327471
0.0004642346
0.0005677009
0.0002744832
0.0008018373
0.0009047773
0.0007329129
0.0006581399
0.0006304715
0.0003714330
0.0002382652
0.0003233202
0.0002853918
0.0002437743
0.0003296526
0.0006470484
0.0007447361
0.0005293604
0.0005126546
0.0005298817
0.0003758726
0.0002812588
0.0002521431
0.0004190285
0.0004646600
0.0002623876
0.0002247458
0.0002568502
0.0002394502
0.0003680243
0.0005461785
0.0006659109
0.0005506039
0.0007660607
0.0007636795
0.0006779446
0.0006493153
0.0006831872
0.0006498558
0.0008775847
0.0007435942
0.0006692794
0.0004927826
0.0006347988
0.0005485801
0.0005671888
0.0006584410
0.0005991449
0.0006028898
0.0008017741
0.0007366729
0.0008343859
0.0004313465
0.0005575710
0.0005915646
0.0001951278
0.0003175265
0.0007903905
0.0009118702
0.0009032533
0.0007704796
0.0007181224
0.0007947052
0.0005375333
0.0008655053
0.0007120105
0.0004998028
0.0007742445
0.0007624874
0.0007540674
0.0004437754
0.0006858811
0.0004178026
0.0003459660
0.0006312825
0.0007368018
0.0007249493
0.0007425358
0.0005864181
0.0004990759
0.0006051322
0.0006455102
0.0007165827
0.0008454828
0.0007412673
0.0005469268
0.0008464930
0.0004648620
0.0009201297
0.0007935652
0.0007280147
0.0006238369
0.0006786186
0.0005832862
0.0004253406
0.0006535059
0.0005877474
0.0005882381
0.0004390935
0.0006648046
0.0005790240
0.0006383963
0.0005212054
0.0006328287
0.0008371684
0.0007861179
0.0004884145
0.0005580438
0.0006562484
0.0006779269
0.0005791957
0.0003771137
0.0006382205
0.0003954092
0.0003582375
0.0005133958
0.0004700323
0.0007327007
0.0006322712
0.0004876333
0.0004165579
0.0004237951
0.0007068918
0.0008616570
0.0005954065
0.0005310427
0.0004795443
0.0005445905
0.0006841907
0.0006306472
0.0004976137
0.0007118731
0.0005529447
0.0006295631
0.0006725951
0.0006236786
0.0005994280
0.0006875544
0.0009068406
0.0006253914
0.0005690928
0.0005802694
0.0006058033
0.0005692762
0.0006720982
0.0005093570
0.0005966780
0.0007639597
0.0008798606
0.0006678839
0.0004518848
0.0006344493
0.0003950587
0.0003675828
0.0003696526
0.0003208325
0.0005008782
0.0006140121
0.0008032499
0.0007179643
0.0006109191
0.0006438816
0.0006875215
0.0005441391
0.0006643253
0.0007633606
0.0007298626
0.0003236703
0.0005086476
0.0005711541
0.0007509264
0.0006213811
0.0005207142
0.0004368850
0.0005414164
0.0005184924
0.0005681036
0.0006120446
0.0006920881
0.0005383031
0.0005218303
0.0005211443
0.0005923804
0.0006816375
0.0005354303
0.0006101513
0.0008200617
0.0006587997
0.0003070101
0.0003467219
0.0002298905
0.0005330704
0.0007321218
0.0007836423
0.0008025117
0.0004153089
0.0003586566
0.0006581784
0.0009161592
0.0006188914
0.0006184166
0.0004718751
0.0007042916
0.0004834714
0.0006698834
0.0005349853
0.0006618093
0.0004097543
0.0006083917
0.0004370427
0.0004998212
0.0004084991
0.0006924051
0.0005704126
0.0006514349
0.0003866743
0.0005365452
0.0007527531
0.0006601058
0.0007091825
0.0005552631
0.0005958718
0.0006534678
0.0004941091
0.0006068699
0.0006266321
0.0007083065
0.0006788398
0.0010105536
0.0007335853
0.0002130737
0.0001858883
0.0001727341
0.0001613211
0.0003896251
0.0005525575
0.0006554268
0.0006477929
0.0006762817
0.0005239364
0.0003982728
0.0005267746
0.0006630048
0.0005726474
0.0007889439
0.0006081705
0.0007118290
0.0008706956
0.0006203682
0.0007065681
0.0006303399
0.0004396391
0.0003698238
0.0006833878
0.0006382557
0.0005612658
0.0004830020
0.0006569374
0.0004604067
0.0007008542
0.0003944631
0.0006037438
0.0007862031
0.0006312039
0.0003461083
0.0004733833
0.0006085287
0.0004450577
0.0006267030
0.0003839999
0.0002697725
0.0004292030
0.0004896209
0.0004069360
0.0004356646
0.0005299734
0.0004682178
0.0004787838
0.0006230205
0.0006434894
0.0006055120
0.0008337798
0.0008405451
0.0009447022
0.0008343982
0.0006168080
0.0006212176
0.0006484683
0.0007765757
0.0004778394
0.0006670601
0.0005538819
0.0004715573
0.0005923380
0.0005368230
0.0003556182
0.0001887929
0.0001920326
0.0002257081
0.0001899453
0.0002241585
0.0003797526
0.0005886851
0.0006581909
0.0003466928
0.0005888022
0.0005786862
0.0006370947
0.0006619788
0.0004262832
0.0005865766
0.0004353387
0.0003199322
0.0002953718
0.0003759334
0.0004729408
0.0003983826
0.0002875189
0.0003252468
0.0002654991
