0.0834275455
0.0569330842
0.0240668735
0.0299836025
0.0202673473
0.0184665926
0.0166113486
0.0188475729
0.0185821590
0.0099637783
0.0191805874
0.0064180549
0.0039871946
0.0043055100
0.0052478766
0.0060254989
0.0048599715
0.0035775346
0.0056662132
0.0052824973
0.0036226300
0.0034883034
0.0037364316
0.0033793909
0.0049154339
0.0050111667
0.0034452549
0.0026138407
0.0025468694
0.0035006972
0.0033470206
0.0028482648
0.0030522399
0.0024636287
0.0021685792
0.0021222823
0.0026078686
0.0041392632
0.0039144873
0.0024488287
0.0020808776
0.0025206467
0.0026953457
0.0021780015
0.0019587212
0.0019315136
0.0021158711
0.0023846867
0.0031353820
0.0063495871
0.0050673067
0.0032612113
0.0041114550
0.0039670396
0.0079224009
0.0110897796
0.0106778890
0.0095290171
0.0112060779
0.0119389220
0.0126349647
0.0079852617
0.0053940875
0.0081339825
0.0094686121
0.0069808695
0.0037456844
0.0017486238
0.0017183986
0.0016892006
0.0016609783
0.0016336837
0.0083116273
0.0073344213
0.0070396729
0.0054106916
0.0035856813
0.0032467154
0.0031261614
0.0031307653
0.0020570284
0.0014970018
0.0019465687
0.0017494146
0.0018553712
0.0024329347
0.0042015439
0.0083198598
0.0109622649
0.0086026456
0.0087296111
0.0088411709
0.0060686870
0.0020779958
0.0030333157
0.0029642424
0.0019942774
0.0022188795
0.0021704337
0.0027051489
0.0045734318
0.0038259955
0.0022198747
0.0018289648
0.0022774633
0.0015748714
0.0011352007
0.0070894374
0.0068670085
0.0073285915
0.0085538329
0.0081483498
0.0094084282
0.0070897740
0.0060938577
0.0059901291
0.0028438896
0.0014045915
0.0016684131
0.0019316706
0.0016522289
0.0013637123
0.0015912365
0.0018363679
0.0015946762
0.0013252232
0.0031393801
0.0051992322
0.0050881501
0.0033579418
0.0031222628
0.0041399530
0.0038675886
0.0032826136
0.0021908741
0.0013651861
0.0011820122
0.0012372061
0.0012083146
0.0011432697
0.0010904166
0.0013617369
0.0014102444
0.0012053969
0.0023803559
0.0030204544
0.0023959383
0.0019858121
0.0013829666
0.0031589535
0.0038337214
0.0013491081
0.0011791605
0.0049190241
0.0073325992
0.0066351297
0.0081203477
0.0102288839
0.0078680410
0.0081806361
0.0062150154
0.0071014253
0.0054026924
0.0048882687
0.0054907151
0.0044209906
0.0016215194
0.0016202028
0.0015942214
0.0015690603
0.0015446811
0.0015210479
0.0014981271
0.0014758869
0.0028921242
0.0027592606
0.0018302823
0.0019368255
0.0016840209
0.0015499616
