0.0034263038
0.0016730744
0.0014420143
0.0008667668
0.0013158927
0.0008768103
0.0011324709
0.0012011787
0.0006799140
0.0008625219
0.0008628766
0.0010511190
0.0006727033
0.0005864876
0.0007231620
0.0008046797
0.0006367601
0.0007651502
0.0005110431
0.0004161707
0.0006110259
0.0005107588
0.0006633117
0.0007038423
0.0004628971
0.0004219902
0.0006014602
0.0006711416
0.0004570956
0.0004270030
0.0005734867
0.0008331975
0.0005951105
0.0007965437
0.0005985724
0.0005673454
0.0006818737
0.0005047875
0.0007548237
0.0006429632
0.0006341104
0.0006430297
0.0007874393
0.0006983932
0.0005785318
0.0006109373
0.0009083075
0.0006892068
0.0007273359
0.0005974083
0.0007460889
0.0005610590
0.0004025859
0.0006467809
0.0005983183
0.0006265929
0.0005901179
0.0004726844
0.0005868025
0.0006199155
0.0005193363
0.0006258922
0.0008097556
0.0008130924
0.0008290954
0.0005148650
0.0006946339
0.0006271409
0.0008731883
0.0006864062
0.0006860996
0.0007237363
0.0007053583
0.0008355358
0.0006350971
0.0006619464
0.0005862218
0.0006461191
0.0005590621
0.0007143123
0.0007421069
0.0007710509
0.0005878292
0.0006424894
0.0004932917
0.0007721186
0.0006925281
0.0003644539
0.0004899420
0.0004011688
0.0005147219
0.0005086178
0.0004654288
0.0005133589
0.0004380345
0.0005849225
0.0005212772
0.0005262678
0.0007382562
0.0005670410
0.0006495989
0.0007869005
0.0007183472
0.0005567435
0.0005925067
0.0006065149
0.0005164796
0.0006123399
0.0004912328
0.0005700683
0.0008750569
0.0004975676
0.0006716894
0.0003392992
0.0003746426
0.0005281645
0.0006780967
0.0005840278
0.0004466738
0.0005554078
0.0006782617
0.0004932842
0.0006647889
0.0008453441
0.0006504111
0.0005807415
0.0007125490
0.0006069222
0.0007015347
0.0004599213
0.0005479688
0.0006653739
0.0005888271
0.0004941510
0.0003821057
0.0004043168
0.0003819424
0.0003458209
0.0006287500
0.0007077541
0.0008252422
0.0005073116
0.0007881310
0.0006930623
0.0005114457
0.0002989966
0.0003712024
0.0004948084
0.0006915044
0.0006957896
0.0008328792
0.0007502410
0.0005960251
0.0003997778
0.0004409984
0.0004979111
0.0005412687
0.0004751722
0.0006954246
0.0005335002
0.0006903686
0.0002066176
0.0003198550
0.0002907117
0.0002192602
0.0002110800
0.0004516896
0.0006333521
0.0005370024
0.0008440080
0.0006825125
0.0006800939
0.0006975054
0.0005267964
0.0004183266
0.0003119542
0.0003472880
0.0005103333
0.0007009294
0.0003766448
0.0004874400
0.0005330587
0.0003492609
0.0002796976
0.0005398034
0.0005916318
0.0007894855
0.0006944212
0.0008304322
0.0004277208
0.0005357669
0.0003621740
0.0004773131
0.0005186111
0.0006234515
0.0005805232
0.0004783886
0.0004978102
0.0003526533
0.0005127219
0.0004797306
0.0002551812
0.0001689086
0.0001769856
0.0003295239
0.0004903859
0.0005543494
0.0006818374
0.0006866804
0.0008595120
0.0005945566
0.0005708824
0.0006134475
0.0006088682
0.0004352658
0.0003309745
0.0003230512
0.0003637233
0.0002468763
0.0003686433
0.0005531261
0.0005106442
0.0007068663
0.0006875139
0.0008138323
0.0004498313
0.0005010158
0.0005103183
0.0008158718
0.0006582065
0.0006024441
0.0002812093
0.0001403259
0.0001685254
0.0005101399
0.0003540813
0.0005732572
0.0004512109
0.0006750901
0.0007331605
0.0004239814
0.0004114268
0.0004644043
0.0005962221
0.0006463133
0.0005316400
0.0006354022
0.0005342258
0.0004063487
0.0003331954
0.0003394212
0.0005624426
0.0006772036
0.0006718508
0.0008238741
0.0004942887
0.0005967225
0.0005160826
0.0007052378
0.0006623104
0.0005737531
0.0005740329
0.0004922164
0.0006006943
0.0002255387
0.0003263168
0.0002644168
0.0003159776
0.0004976479
0.0004985915
0.0007219030
0.0006063131
0.0006031391
0.0005849547
0.0006880226
0.0006469801
0.0007571218
0.0003126266
0.0004700364
0.0005358373
0.0004748268
0.0008344719
0.0004946732
0.0004220131
0.0003535125
0.0003522194
0.0003471447
0.0002505146
0.0004150716
0.0007866992
0.0007678061
0.0006438665
0.0008231956
0.0009067230
0.0007405104
0.0005041961
0.0005192870
0.0007540706
0.0004443734
0.0002804352
0.0002491362
0.0003983748
0.0006244318
0.0006037948
0.0007641344
0.0006776039
0.0007606025
0.0003843372
0.0002790643
0.0004456453
0.0006603462
0.0005431936
0.0005230065
0.0006521749
0.0004591273
0.0003580467
0.0003575069
0.0005498646
0.0005305456
0.0006261187
0.0004953048
0.0006199850
0.0006250888
0.0005829281
0.0004435378
0.0005477132
0.0004830985
0.0003775848
0.0004575613
0.0007425025
0.0006425330
0.0005671351
0.0005282773
0.0006548594
0.0006369901
0.0004130859
0.0006308327
0.0004769450
0.0004530528
0.0003119675
0.0002273812
0.0006462627
0.0008068471
0.0008531370
0.0008285150
0.0004967432
0.0006683629
0.0005825665
0.0005390786
0.0004247740
0.0005355081
0.0008179802
0.0005630247
0.0006368626
0.0004896511
0.0006580871
0.0006523800
0.0006334894
0.0005634272
0.0002245405
0.0001839564
0.0001699865
0.0001585021
0.0002237003
0.0002952982
0.0003418491
0.0004870737
0.0005239071
0.0004054837
0.0006399512
0.0005606221
0.0006139448
0.0008132224
0.0008173909
0.0006870293
0.0005011551
0.0004364907
0.0003007710
0.0007525175
0.0007772405
0.0007153434
0.0008604106
0.0005769003
0.0008036526
0.0005260276
0.0006830921
0.0005200454
0.0003971201
0.0005100701
0.0005862565
0.0004341151
0.0003842831
0.0002294328
0.0003169889
0.0005446566
0.0005846667
0.0007000685
0.0007486111
0.0006533048
0.0007177516
0.0005891787
0.0004607978
0.0004117434
0.0002872541
0.0006825937
0.0007636063
0.0007353922
0.0007605759
0.0008435360
0.0006254033
0.0006662950
0.0004769484
0.0007847605
0.0006729702
0.0006897741
0.0004738658
0.0008489540
0.0004994628
0.0003792204
0.0005699973
0.0005564410
0.0006691449
0.0005142300
0.0004601151
0.0007368183
0.0005628524
0.0002841864
0.0001442458
0.0002125183
0.0001919794
0.0002656528
0.0004994418
0.0009575251
0.0008242849
0.0002588970
0.0003458452
0.0005146391
0.0007560023
0.0005891422
0.0007091962
0.0008602163
0.0004753122
0.0006418290
0.0004309951
0.0006751443
0.0006707587
0.0006019121
0.0005402537
0.0005226878
0.0006181031
0.0005568532
0.0003863435
0.0003384896
0.0002641554
0.0004138526
0.0004642677
0.0004990632
0.0006064974
0.0006326966
0.0006521188
0.0003805767
0.0004283406
0.0005081038
0.0004768689
0.0002407034
0.0001251566
0.0002531937
0.0002274241
0.0002519220
0.0004159112
0.0003723300
0.0005478604
0.0005777626
0.0006742182
0.0003895419
0.0005864669
0.0003592415
0.0002503989
0.0002306208
0.0006988836
0.0007209299
0.0005557005
0.0007445509
0.0006119327
0.0006110341
0.0004275524
0.0003735964
0.0002693959
0.0002017205
0.0004190720
0.0005041297
0.0005423200
0.0007449632
0.0007250557
0.0006352225
0.0005155838
0.0006266413
0.0005303628
0.0004519396
0.0002906126
0.0003652982
0.0005866461
0.0005722520
0.0006132680
0.0003803633
0.0003601649
0.0003196413
0.0005957141
0.0006822592
0.0006589485
0.0006617591
0.0004456284
0.0006795229
0.0003834153
0.0007328486
0.0008376798
0.0007405838
0.0004999295
0.0007033275
0.0006033068
0.0006989187
0.0007636751
0.0008314732
0.0007257494
0.0005980613
0.0006195601
0.0003659073
0.0003213551
0.0005367996
0.0005165762
0.0006108773
0.0008640758
0.0005458785
0.0005327038
0.0009100962
0.0007155275
0.0008883691
0.0006684140
0.0006575870
0.0005312252
0.0007136326
0.0005074014
0.0003419529
0.0003608876
0.0004075713
0.0006755972
0.0006069386
0.0006007776
0.0003615607
0.0002407373
0.0003837152
0.0005781875
0.0005909985
0.0007263925
0.0006540831
0.0007318407
0.0005572693
0.0007194150
0.0007054748
0.0004278460
0.0004034742
0.0003794567
0.0003926380
0.0003730810
0.0004977089
0.0005344677
0.0006593764
0.0003650825
0.0003354681
0.0002844055
0.0004477407
0.0004125829
0.0004233474
0.0003602659
0.0006442830
0.0009090889
0.0006176501
0.0005916680
0.0005885089
0.0005538476
0.0005749594
0.0006151721
0.0005521076
0.0004640139
0.0004368406
0.0004955060
0.0004955453
0.0004584047
0.0007139515
0.0006974508
0.0007660249
0.0007603781
0.0006286190
0.0007298603
0.0005053133
0.0005903084
0.0007007730
0.0004037889
0.0006842708
0.0006008288
0.0004141093
0.0003856630
0.0001964533
0.0005341678
0.0006283486
0.0005434487
0.0007247582
0.0007036707
0.0005442644
0.0007844090
0.0006481633
0.0007334426
0.0004981720
0.0008063386
0.0004898991
0.0006947268
0.0002982135
0.0004643358
0.0003778196
0.0002585569
0.0004498555
0.0003889150
0.0006474659
0.0007117634
0.0005934812
0.0004546651
0.0005167741
0.0006220564
0.0006529054
0.0005844840
0.0007807368
0.0004827545
0.0007343998
0.0006793932
0.0005871924
0.0006801876
0.0007026131
0.0004985643
0.0007171607
0.0006455315
0.0003567555
0.0003340530
0.0003144296
0.0002389691
0.0004880499
0.0005391501
0.0004068227
0.0003753547
0.0005037213
0.0003981911
0.0002911903
0.0004558354
0.0003292087
0.0001952602
0.0001813042
0.0004103897
0.0004323622
0.0003718507
0.0003061308
0.0006443451
0.0007685878
0.0009459072
0.0006113288
0.0006781313
0.0005056657
0.0005326509
0.0004367493
0.0002538802
0.0003653661
0.0003381133
0.0002460896
0.0002082713
0.0002158975
0.0001638878
0.0001434752
0.0002853411
0.0006686673
0.0006617107
0.0006094034
0.0006445606
0.0006917103
0.0007235765
0.0007056856
0.0007192770
0.0005637621
0.0005082592
0.0004392151
0.0003696720
0.0004811372
0.0003366245
0.0004946406
0.0003814681
0.0006221643
0.0004968178
0.0005590271
0.0004262781
0.0002878922
0.0004392887
0.0004970489
0.0003506877
0.0004562353
0.0005777423
0.0005613755
0.0005308322
0.0007451916
0.0007660773
0.0005600343
0.0007205414
0.0004944770
0.0008559004
0.0004680174
0.0006475173
0.0005053785
0.0007045281
0.0005500830
0.0004542175
0.0003249999
0.0005128721
0.0004269103
0.0002558650
0.0002105448
0.0001924334
0.0004260319
0.0005033591
0.0003173477
0.0001472663
0.0002142322
0.0002217113
0.0001694787
0.0003682523
0.0003161898
0.0005112442
0.0006148574
0.0005362654
0.0005601067
0.0006834189
0.0008018000
0.0005765779
0.0003679587
0.0003970467
0.0004814522
0.0004189211
0.0003604499
0.0005992843
0.0007629735
0.0007596249
0.0007827168
0.0008243770
0.0006092848
0.0005503611
0.0006558021
0.0005427398
0.0006479249
0.0002977595
0.0007388521
0.0008418739
0.0007271897
0.0005830790
0.0007465267
0.0006237977
0.0007663978
0.0008601478
0.0008233168
0.0007303351
0.0007189858
0.0008093293
0.0007719093
0.0007076827
0.0006969562
0.0006418114
0.0003755199
0.0002781403
0.0003254166
0.0002976875
0.0003680578
0.0003159598
0.0002090362
0.0002988763
0.0005283564
0.0004999618
0.0005438933
0.0003477719
0.0006259383
0.0008079264
0.0006347815
0.0006034688
0.0007122950
0.0007527031
0.0007520016
0.0003243709
0.0003777934
0.0002674898
0.0003043293
0.0004391126
0.0006129286
0.0003215137
0.0006221181
0.0004806689
0.0005396215
0.0005459818
0.0004433341
0.0004470644
0.0005614906
0.0006443001
0.0008058707
0.0007245957
0.0006949066
0.0007121190
0.0005411479
0.0005340431
0.0008171532
0.0005026301
0.0005853986
0.0006327603
0.0006471582
0.0008040594
0.0005114526
0.0007904052
0.0006288643
0.0007093961
0.0005559437
0.0007320266
0.0007239490
0.0006481022
0.0005689726
0.0005239641
0.0007356905
0.0006542751
0.0005605492
0.0004820322
0.0006286794
0.0004196866
0.0004858413
0.0003192649
0.0002842501
0.0002521450
0.0003958242
0.0003269213
0.0003459155
0.0005746532
0.0004414190
0.0002588462
0.0003487882
0.0003574094
0.0002518986
0.0004720600
0.0004631244
0.0002657374
0.0001846595
0.0002761436
0.0003395735
0.0002288580
0.0001822815
0.0001646576
0.0001582093
0.0005430308
0.0007920134
0.0005642490
0.0005762587
0.0005687497
0.0004345104
0.0005961530
0.0005174161
0.0004564831
0.0005016876
0.0006101056
0.0007841269
0.0007107753
0.0006934624
0.0005627230
0.0006774799
0.0005594257
0.0004485255
0.0005469439
0.0006134037
0.0006227687
0.0005995901
0.0005195579
0.0004577513
0.0003528012
0.0004312521
0.0005286349
0.0006165669
0.0007757399
0.0006306734
0.0007435308
0.0006021210
0.0006267858
0.0005845217
0.0006063551
0.0006277593
0.0004869592
0.0008019178
0.0006635602
0.0006889183
0.0005257670
0.0004846262
0.0005868167
0.0002674597
0.0003487470
0.0003643687
0.0006124440
0.0007422551
0.0004267208
0.0004563033
0.0004449398
0.0003219097
0.0002762280
0.0002309187
0.0003373591
0.0003316024
0.0002160442
0.0001980842
0.0006020533
0.0006774814
0.0006498760
0.0004090877
0.0003113941
0.0003413360
0.0002702175
0.0002796840
0.0007034251
0.0006259348
0.0006996242
0.0007244398
0.0007193100
0.0005617801
0.0002480478
0.0002891912
0.0005675138
0.0007497377
0.0006763532
0.0006866140
0.0003536956
0.0006482378
0.0006254778
0.0004913135
0.0005723645
0.0006561850
0.0004630288
0.0005644520
0.0005938416
0.0005032257
0.0005141026
0.0006209365
0.0005424514
0.0004669813
0.0004015768
0.0003013945
0.0004928805
0.0005979649
0.0003957925
0.0002859041
0.0002983370
0.0001421568
0.0002541740
0.0006099911
0.0007161705
0.0007259229
0.0005815823
0.0005223881
0.0008389393
0.0005314002
0.0006486441
0.0007649788
0.0006975074
0.0005755681
0.0005824499
0.0006253478
0.0006476128
0.0007228460
0.0005140987
0.0004874934
0.0006573357
0.0006523063
0.0007168804
0.0006080506
0.0006857307
0.0006983739
0.0006228267
0.0004965650
0.0006709447
0.0004005855
0.0005628717
0.0006521430
0.0004873129
0.0006556419
0.0004588639
0.0005255690
0.0005780331
0.0007112986
0.0008305211
0.0004665044
0.0002550900
0.0002289516
0.0003181410
0.0003817017
0.0006027026
0.0003866845
0.0004752679
0.0003578074
0.0002154933
0.0003430952
0.0002919950
0.0002973845
0.0004296805
0.0005222918
0.0005317050
0.0006157132
0.0007008010
0.0003858262
0.0002570230
0.0004782397
0.0006035567
0.0005350546
0.0007999023
0.0004907864
0.0005975003
0.0006820831
0.0003814214
0.0004162404
0.0005003525
0.0005383404
0.0004797921
0.0005270208
0.0007638487
0.0008547484
0.0006345197
0.0003568198
0.0005627008
0.0004883748
0.0007241697
0.0005866624
0.0006977298
0.0005691972
0.0005545793
0.0004767071
0.0004783717
0.0003865298
0.0005477151
0.0004835950
0.0003473446
0.0002571584
0.0004261691
0.0005069113
0.0005776674
0.0006308033
0.0005304070
0.0005412853
0.0006196204
0.0002870431
0.0003297138
0.0006608802
0.0007297324
0.0005955537
0.0004156738
0.0001827792
0.0004162379
0.0003911663
0.0004224447
0.0002796118
0.0002827346
0.0002246045
0.0002968320
0.0002390886
0.0002280586
0.0002343963
0.0002335349
0.0002052910
0.0002699801
0.0002052780
0.0001214341
0.0003598460
0.0003315734
0.0005410669
0.0006552339
0.0005990152
0.0006690851
0.0007036992
0.0007434356
0.0004716025
0.0005055267
0.0006181038
0.0006042291
0.0006292894
0.0007859745
0.0004241142
0.0006209706
0.0006501762
0.0006028668
0.0004551605
0.0003465973
0.0004558836
0.0004284012
0.0003264527
0.0003333077
0.0005623780
0.0004512631
0.0004391318
0.0004194845
0.0005267904
0.0003515334
0.0001714049
0.0001592162
0.0001904843
0.0002413502
0.0003354061
0.0004213154
0.0003233361
0.0002169640
0.0001733892
0.0005779660
0.0002181327
0.0004641466
0.0006050792
0.0007844484
0.0006349502
0.0007385842
0.0006078761
0.0007155025
0.0006431621
0.0005369164
0.0005300734
0.0003994291
0.0003904586
0.0002572020
0.0002203210
0.0003834780
0.0006224402
0.0009292703
0.0005436538
0.0007953134
0.0007117731
0.0006634584
0.0005848553
0.0008725176
0.0006257383
0.0004598927
0.0005209147
0.0005898256
0.0005164319
0.0003674431
0.0004307833
0.0002880263
0.0003489289
0.0004072083
0.0002596224
0.0002746146
0.0005779012
0.0009256279
0.0009130806
0.0006700818
0.0004855608
0.0003956501
0.0003678228
0.0008420896
0.0007976023
0.0006382196
0.0009293037
0.0005676076
0.0006568301
0.0006288896
0.0006974527
0.0005413779
0.0006138611
0.0004602321
0.0006077097
0.0005116459
0.0005533465
0.0004679180
0.0007227041
0.0005760430
0.0008061133
0.0005384289
0.0006961248
0.0007212874
0.0004225258
0.0003752629
0.0004662763
0.0008561503
0.0007102811
0.0007421198
0.0006839261
0.0006020502
0.0005607574
0.0006289401
0.0005810505
0.0004676658
0.0003632222
0.0003254032
0.0003611877
0.0004043363
0.0004113048
0.0004132806
0.0006627530
0.0004329600
0.0005993791
0.0006306107
0.0005449385
0.0005381400
0.0004374660
0.0007303926
0.0006789071
0.0007034635
0.0004881403
0.0006653105
0.0006186447
0.0005351757
0.0007057916
0.0007843125
0.0004210222
0.0003545163
0.0004247544
0.0003202770
0.0002680834
0.0003946561
0.0005080419
0.0005405691
0.0004945450
0.0005263733
0.0005915972
0.0005671692
0.0004554793
0.0007038387
0.0006178468
0.0006225065
0.0004458877
0.0004149988
0.0002301757
0.0003408556
0.0003342755
0.0005173814
0.0005847731
0.0005218860
0.0003404235
0.0003496243
0.0005852095
0.0004499988
0.0006028978
0.0005425885
0.0004702369
0.0007425161
0.0005066948
0.0004652077
0.0003356304
0.0003460797
0.0003339518
0.0002975636
0.0003318897
0.0004085189
0.0003294118
0.0002475744
0.0005415292
0.0006301790
0.0005657132
0.0005550382
0.0005676482
0.0005291121
0.0004695726
0.0004712242
0.0005679463
0.0006034663
0.0006363901
0.0008240212
0.0005534714
0.0003152116
0.0005552590
0.0005776111
0.0006428259
0.0004950829
0.0003847272
0.0003442676
0.0005407437
0.0005361406
0.0004278847
0.0007540304
0.0007745699
0.0004704863
0.0006081901
0.0007024937
0.0008329427
0.0006137797
0.0005489464
0.0004711667
0.0006478725
0.0005571048
0.0005779426
0.0004706575
0.0007176257
0.0005381643
0.0004781935
0.0007468605
0.0005835149
0.0003598512
0.0004745867
0.0005810942
0.0006258814
0.0006302824
0.0007682562
0.0006926792
0.0005847025
0.0005471606
0.0006263020
0.0003527991
0.0004427898
0.0003576687
0.0003265274
0.0004690242
0.0004689037
0.0003538318
0.0002625874
0.0004784766
0.0006903018
0.0006844700
0.0004113840
0.0005408646
0.0006393572
0.0005620706
0.0006908159
0.0004828706
0.0004841694
0.0004940977
0.0002749218
0.0004273048
0.0005018874
0.0003169797
0.0003174909
0.0002858906
0.0002907720
0.0002521383
0.0002887795
0.0004805939
0.0004801993
0.0005561095
0.0009574391
0.0006747232
0.0007897230
0.0004112379
0.0003711693
0.0005953084
0.0005396016
0.0006137584
0.0007435096
0.0007187586
0.0007201298
0.0005208477
0.0006550684
0.0005868950
0.0006447706
0.0006739335
0.0005934446
0.0007562881
0.0006684661
0.0005986341
0.0007957187
0.0006397634
0.0005422252
0.0005544548
0.0003293752
0.0003018515
0.0003418261
0.0002039332
0.0002807830
0.0002136571
0.0002662993
0.0002272398
0.0002139005
0.0002605245
0.0005071954
0.0007759963
0.0006468870
0.0007942706
0.0007954112
0.0006388363
0.0006518780
0.0004966871
0.0004196247
0.0003451506
0.0002640749
0.0003829293
0.0008327477
0.0005827204
0.0006644879
0.0008674797
0.0007424213
0.0005995197
0.0006350116
0.0007006403
0.0005811643
0.0006673066
0.0006721238
0.0004258265
0.0005207326
0.0002517740
0.0007354979
0.0008299212
0.0006722758
0.0006036892
0.0005783099
0.0003407028
0.0002185525
0.0002965706
0.0002617801
0.0002236058
0.0003023790
0.0005935153
0.0006831209
0.0004855641
0.0004702405
0.0004860423
0.0003447750
0.0002579890
0.0002312822
0.0003843605
0.0004262167
0.0002406791
0.0002061517
0.0002355999
0.0002196394
0.0003375761
0.0005009908
0.0006108172
0.0005050500
0.0007026812
0.0007004971
0.0006218554
0.0005955946
0.0006266642
0.0005960905
0.0008049784
0.0006820735
0.0006139070
0.0004520126
0.0005822792
0.0005031937
0.0005202628
0.0006039654
0.0005495751
0.0005530102
0.0007354399
0.0006757248
0.0007653536
0.0003956594
0.0005114408
0.0005426219
0.0001789840
0.0002912562
0.0007249981
0.0008364273
0.0008285233
0.0007067346
0.0006587090
0.0007289559
0.0004930609
0.0007938984
0.0006531028
0.0004584520
0.0007101879
0.0006994035
0.0006916802
0.0004070599
0.0006291352
0.0003832360
0.0003173428
0.0005790538
0.0006758431
0.0006649712
0.0006811026
0.0005379012
0.0004577852
0.0005550670
0.0005921044
0.0006572968
0.0007755324
0.0006799391
0.0005016772
0.0007764591
0.0004264019
0.0008440035
0.0007279102
0.0006677830
0.0005722242
0.0006224736
0.0005350284
0.0003901503
0.0005994386
0.0005391206
0.0005395707
0.0004027654
0.0006098025
0.0005311189
0.0005855790
0.0004780839
0.0005804721
0.0007679058
0.0007210790
0.0004480059
0.0005118744
0.0006019541
0.0006218391
0.0005312764
0.0003459135
0.0005854178
0.0003626953
0.0003285990
0.0004709204
0.0004311445
0.0006720813
0.0005799607
0.0004472893
0.0003820943
0.0003887327
0.0006484076
0.0007903685
0.0005461460
0.0004871073
0.0004398696
0.0004995342
0.0006275847
0.0005784711
0.0004564440
0.0006529768
0.0005071972
0.0005774767
0.0006169485
0.0005720790
0.0005498347
0.0006306701
0.0008318138
0.0005736501
0.0005220093
0.0005322612
0.0005556826
0.0005221775
0.0006164927
0.0004672157
0.0005473123
0.0007007540
0.0008070660
0.0006126270
0.0004144984
0.0005819586
0.0003623738
0.0003371711
0.0003390697
0.0002942886
0.0004594384
0.0005632123
0.0007367936
0.0006585641
0.0005603752
0.0005906105
0.0006306399
0.0004991201
0.0006093629
0.0007002045
0.0006694779
0.0002968917
0.0004665650
0.0005239001
0.0006887990
0.0005699716
0.0004776333
0.0004007397
0.0004966227
0.0004755953
0.0005211020
0.0005614075
0.0006348287
0.0004937670
0.0004786570
0.0004780278
0.0005433703
0.0006252428
0.0004911319
0.0005596708
0.0007522145
0.0006042944
0.0002816099
0.0003180361
0.0002108706
0.0004889672
0.0006715502
0.0007188082
0.0007361165
0.0003809486
0.0003289834
0.0006037245
0.0008403614
0.0005676879
0.0005672524
0.0004328349
0.0006460226
0.0004434718
0.0006144611
0.0004907237
0.0006070550
0.0003758535
0.0005580568
0.0004008843
0.0004584689
0.0003747022
0.0006351195
0.0005232200
0.0005975389
0.0003546830
0.0004921545
0.0006904746
0.0006054924
0.0006505088
0.0005093238
0.0005465728
0.0005994036
0.0004532293
0.0005566610
0.0005747881
0.0006497053
0.0006226765
0.0009269462
0.0006728927
0.0001954452
0.0001705090
0.0001584431
0.0001479743
0.0003573898
0.0005068421
0.0006012006
0.0005941982
0.0006203300
0.0004805889
0.0003653220
0.0004831923
0.0006081516
0.0005252698
0.0007236712
0.0005578540
0.0006529363
0.0007986592
0.0005690425
0.0006481107
0.0005781892
0.0004032659
0.0003392267
0.0006268482
0.0005854500
0.0005148299
0.0004430412
0.0006025861
0.0004223153
0.0006428695
0.0003618275
0.0005537935
0.0007211572
0.0005789817
0.0003174732
0.0004342182
0.0005581825
0.0004082362
0.0005748532
0.0003522299
0.0002474530
0.0003936932
0.0004491125
0.0003732685
0.0003996202
0.0004861265
0.0004294802
0.0004391720
0.0005714753
0.0005902508
0.0005554154
0.0007647976
0.0007710032
0.0008665430
0.0007653649
0.0005657768
0.0005698216
0.0005948178
0.0007123263
0.0004383057
0.0006118714
0.0005080569
0.0004325433
0.0005433314
0.0004924093
0.0003261964
0.0001731733
0.0001761449
0.0002070343
0.0001742303
0.0002056129
0.0003483341
0.0005399807
0.0006037360
0.0003180094
0.0005400881
0.0005308090
0.0005843851
0.0006072105
0.0003910150
0.0005380467
0.0003993213
0.0002934629
0.0002709344
0.0003448308
0.0004338124
0.0003654227
0.0002637313
0.0002983378
0.0002435333
0.0002199783
0.0005425349
0.0005913619
0.0007032905
0.0004668338
0.0005793757
0.0006103393
0.0007977566
0.0007161971
0.0007010260
0.0005908014
0.0005176610
0.0004241898
0.0005649595
0.0005267323
0.0006455112
0.0006184086
0.0003663613
0.0002892207
0.0001424637
0.0001663951
0.0001891825
0.0002570723
0.0004249099
0.0005975707
0.0006246677
0.0006240994
0.0005014584
0.0003650933
0.0003834578
0.0002555167
0.0002381064
0.0002017401
0.0002001485
0.0006835200
0.0007746935
0.0006458419
0.0006752908
0.0006656776
0.0004375707
0.0004318975
0.0006732436
0.0006139133
0.0005566146
0.0004195478
0.0005129309
0.0006419453
0.0008371212
0.0006316546
0.0004416087
0.0002692272
0.0004491802
0.0007281237
0.0006030715
0.0005868935
0.0007063107
0.0007085655
0.0005065620
0.0008313919
0.0005489844
0.0003843763
0.0005383028
0.0005653950
0.0004353497
0.0006787953
0.0005673014
0.0007211511
0.0006644036
0.0005144300
0.0005924134
0.0005631238
0.0003362047
0.0004571498
0.0004594100
0.0005989773
0.0007840226
0.0008048083
0.0004501778
0.0004053857
0.0006061230
0.0004455408
0.0004112580
0.0005779731
0.0004406744
0.0005049487
0.0007970248
0.0005398572
0.0008005485
0.0005904349
0.0005024678
0.0005610977
0.0008893989
0.0008935272
0.0007536435
0.0006032104
0.0006019917
0.0006323275
0.0004689139
0.0002742658
0.0003874604
0.0005139458
0.0005861260
0.0007897354
0.0004802562
0.0005296877
0.0006760945
0.0006560381
0.0006105932
0.0007384775
0.0005647769
0.0004573863
0.0004789249
0.0006254990
0.0004614145
0.0004132732
0.0005974462
0.0006608272
0.0004858713
0.0004960405
0.0006924329
0.0003769544
0.0005997510
0.0006204753
0.0005870787
0.0005301992
0.0005058384
0.0006740701
0.0006149299
0.0005824510
0.0005598998
0.0006033924
0.0004896263
0.0005776536
0.0005181914
0.0006496627
0.0005298616
0.0007461307
0.0006242047
0.0005219551
0.0007583805
0.0003625752
0.0004652834
0.0005222965
0.0005515069
0.0006868606
0.0005988936
0.0004899390
0.0006410741
0.0007241113
0.0004765012
