0.0297132359
0.0160139399
0.0098782399
0.0102783258
0.0068579974
0.0087596284
0.0065408379
0.0086973281
0.0070674180
0.0078135857
0.0068555821
0.0077292328
0.0029008430
0.0047984601
0.0065068378
0.0062024529
0.0059206763
0.0043369713
0.0062017199
0.0065355165
0.0045233978
0.0054714930
0.0071738347
0.0067699821
0.0068088796
0.0059396110
0.0059651706
0.0045964090
0.0047826998
0.0065996830
0.0065680447
0.0068014813
0.0032845041
0.0082287297
0.0020263782
0.0052053089
0.0054939250
0.0059813601
0.0061037123
0.0065150527
0.0064945508
0.0064820668
0.0069778083
0.0035167498
0.0051548433
0.0052285412
0.0045063075
0.0053654456
0.0052575019
0.0049881118
0.0049156574
0.0045261971
0.0059387799
0.0050176381
0.0052425919
0.0036858252
0.0044071513
0.0050350377
0.0022177200
0.0047332468
0.0053920046
0.0066461667
0.0068417058
0.0055570955
0.0059956868
0.0063753665
0.0059548483
0.0036729774
0.0033709949
0.0053431884
0.0038031343
0.0032090750
0.0062427488
0.0039094633
0.0046730586
0.0064364131
0.0064749699
0.0056540690
0.0056716781
0.0070279018
0.0057669951
0.0060810379
0.0057086443
0.0041344114
0.0053306826
0.0047089798
0.0049506145
0.0032630639
0.0033634467
0.0034913190
0.0024063498
0.0029237446
0.0030844276
0.0042525647
0.0029325396
0.0022362929
0.0042975130
0.0056905987
0.0051461865
0.0046513331
0.0047058681
0.0039374242
0.0046009474
0.0038709337
0.0046723289
0.0032229966
0.0043905018
0.0053557157
0.0063883582
0.0031737935
0.0046002612
0.0059189924
0.0069132510
0.0068316160
0.0061592861
0.0054107727
0.0051540946
0.0053082275
0.0045769900
0.0064647606
0.0053111419
0.0073355276
0.0062066760
0.0054824626
0.0048985933
0.0056341723
0.0039975284
0.0066067687
0.0069509111
0.0053675987
0.0047035506
0.0060646038
0.0056388129
0.0033570326
0.0069844075
0.0066562354
0.0057000375
0.0059936855
0.0063642696
0.0031298959
0.0034550057
0.0040438168
0.0055290787
0.0056601439
0.0032194640
0.0056157170
0.0062678589
0.0029187738
0.0048026402
0.0057643571
0.0047127859
0.0035098653
0.0044485516
0.0039437872
0.0029207933
0.0043793577
0.0049445353
0.0047799731
0.0034006017
0.0036505090
0.0038108465
0.0046214778
0.0035528381
0.0029058570
0.0024059422
0.0026140494
0.0022013554
0.0023917906
0.0016092443
0.0050158938
0.0057760116
0.0056813314
0.0052100895
0.0050671719
0.0027540651
0.0044242757
0.0048535699
0.0046211634
0.0030900061
0.0043222666
0.0056769632
0.0047945238
0.0045395534
0.0042949916
0.0063588542
0.0039596953
0.0033980130
0.0034514368
0.0048545892
0.0029199327
