0.0033413450
0.0016315887
0.0014062580
0.0008452744
0.0012832637
0.0008550689
0.0011043901
0.0011713942
0.0006630548
0.0008411347
0.0008414807
0.0010250554
0.0006560229
0.0005719450
0.0007052305
0.0007847268
0.0006209710
0.0007461775
0.0004983712
0.0004058513
0.0005958749
0.0004980940
0.0006468642
0.0006863898
0.0004514191
0.0004115265
0.0005865464
0.0006544999
0.0004457614
0.0004164150
0.0005592665
0.0008125374
0.0005803541
0.0007767926
0.0005837302
0.0005532775
0.0006649659
0.0004922707
0.0007361071
0.0006270203
0.0006183869
0.0006270851
0.0007679140
0.0006810758
0.0005641865
0.0005957885
0.0008857850
0.0006721172
0.0007093009
0.0005825949
0.0007275889
0.0005471470
0.0003926033
0.0006307433
0.0005834824
0.0006110558
0.0005754853
0.0004609637
0.0005722521
0.0006045440
0.0005064588
0.0006103726
0.0007896768
0.0007929309
0.0008085371
0.0005020984
0.0006774097
0.0006115903
0.0008515367
0.0006693860
0.0006690871
0.0007057905
0.0006878682
0.0008148178
0.0006193492
0.0006455328
0.0005716858
0.0006300979
0.0005451996
0.0006966002
0.0007237056
0.0007519319
0.0005732534
0.0006265582
0.0004810600
0.0007529731
0.0006753561
0.0003554169
0.0004777933
0.0003912214
0.0005019589
0.0004960061
0.0004538880
0.0005006296
0.0004271730
0.0005704187
0.0005083515
0.0005132184
0.0007199504
0.0005529806
0.0006334914
0.0007673884
0.0007005351
0.0005429385
0.0005778149
0.0005914757
0.0005036729
0.0005971563
0.0004790522
0.0005559329
0.0008533589
0.0004852299
0.0006550341
0.0003308859
0.0003653530
0.0005150681
0.0006612826
0.0005695462
0.0004355981
0.0005416358
0.0006614435
0.0004810527
0.0006483047
0.0008243829
0.0006342835
0.0005663414
0.0006948806
0.0005918729
0.0006841394
0.0004485171
0.0005343814
0.0006488753
0.0005742265
0.0004818980
0.0003726309
0.0003942913
0.0003724718
0.0003372459
0.0006131595
0.0006902046
0.0008047794
0.0004947322
0.0007685884
0.0006758771
0.0004987639
0.0002915827
0.0003619981
0.0004825391
0.0006743578
0.0006785368
0.0008122271
0.0007316380
0.0005812460
0.0003898649
0.0004300634
0.0004855649
0.0005278474
0.0004633898
0.0006781808
0.0005202715
0.0006732502
0.0002014943
0.0003119239
0.0002835032
0.0002138234
0.0002058461
0.0004404895
0.0006176475
0.0005236869
0.0008230800
0.0006655889
0.0006632302
0.0006802101
0.0005137339
0.0004079537
0.0003042190
0.0003386766
0.0004976791
0.0006835491
0.0003673055
0.0004753534
0.0005198410
0.0003406006
0.0002727622
0.0005264184
0.0005769617
0.0007699094
0.0006772023
0.0008098408
0.0004171150
0.0005224820
0.0003531935
0.0004654776
0.0005057516
0.0006079923
0.0005661285
0.0004665264
0.0004854665
0.0003439088
0.0005000084
0.0004678352
0.0002488537
0.0001647203
0.0001725970
0.0003213530
0.0004782263
0.0005406037
0.0006649305
0.0006696534
0.0008381994
0.0005798139
0.0005567268
0.0005982364
0.0005937707
0.0004244729
0.0003227676
0.0003150408
0.0003547044
0.0002407547
0.0003595024
0.0005394107
0.0004979822
0.0006893388
0.0006704663
0.0007936525
0.0004386773
0.0004885926
0.0004976644
0.0007956414
0.0006418856
0.0005875058
0.0002742364
0.0001368464
0.0001643467
0.0004974904
0.0003453015
0.0005590427
0.0004400227
0.0006583506
0.0007149810
0.0004134683
0.0004012251
0.0004528889
0.0005814382
0.0006302873
0.0005184574
0.0006196467
0.0005209791
0.0003962729
0.0003249335
0.0003310049
0.0005484962
0.0006604116
0.0006551915
0.0008034453
0.0004820323
0.0005819261
0.0005032858
0.0006877507
0.0006458877
0.0005595263
0.0005597992
0.0004800114
0.0005857994
0.0002199462
0.0003182254
0.0002578603
0.0003081426
0.0004853082
0.0004862284
0.0007040027
0.0005912789
0.0005881836
0.0005704501
0.0006709624
0.0006309376
0.0007383482
0.0003048747
0.0004583814
0.0005225507
0.0004630530
0.0008137803
0.0004824072
0.0004115489
0.0003447468
0.0003434857
0.0003385369
0.0002443028
0.0004047794
0.0007671922
0.0007487676
0.0006279012
0.0008027836
0.0008842398
0.0007221487
0.0004916940
0.0005064108
0.0007353726
0.0004333547
0.0002734815
0.0002429586
0.0003884967
0.0006089484
0.0005888231
0.0007451869
0.0006608020
0.0007417426
0.0003748071
0.0002721447
0.0004345951
0.0006439722
0.0005297245
0.0005100380
0.0006360035
0.0004477427
0.0003491685
0.0003486421
0.0005362301
0.0005173901
0.0006105935
0.0004830232
0.0006046118
0.0006095890
0.0005684737
0.0004325398
0.0005341321
0.0004711196
0.0003682221
0.0004462156
0.0007240914
0.0006266007
0.0005530724
0.0005151781
0.0006386214
0.0006211952
0.0004028430
0.0006151906
0.0004651187
0.0004418189
0.0003042319
0.0002217430
0.0006302379
0.0007868405
0.0008319826
0.0008079711
0.0004844259
0.0006517901
0.0005681212
0.0005257116
0.0004142413
0.0005222296
0.0007976975
0.0005490640
0.0006210710
0.0004775097
0.0006417691
0.0006362036
0.0006177814
0.0005494564
0.0002189728
0.0001793950
0.0001657715
0.0001545718
0.0002181535
0.0002879760
0.0003333726
0.0004749962
0.0005109163
0.0003954293
0.0006240830
0.0005467209
0.0005987214
0.0007930577
0.0007971229
0.0006699937
0.0004887285
0.0004256674
0.0002933131
0.0007338580
0.0007579680
0.0006976057
0.0008390758
0.0005625955
0.0007837252
0.0005129842
0.0006661541
0.0005071503
0.0003872731
0.0004974223
0.0005717197
0.0004233508
0.0003747544
0.0002237438
0.0003091289
0.0005311513
0.0005701693
0.0006827096
0.0007300485
0.0006371054
0.0006999542
0.0005745694
0.0004493718
0.0004015338
0.0002801313
0.0006656681
0.0007446719
0.0007171573
0.0007417166
0.0008226196
0.0006098958
0.0006497735
0.0004651220
0.0007653015
0.0006562832
0.0006726705
0.0004621158
0.0008279033
0.0004870781
0.0003698172
0.0005558637
0.0005426434
0.0006525528
0.0005014792
0.0004487061
0.0007185481
0.0005488958
0.0002771397
0.0001406691
0.0002072487
0.0001872191
0.0002590657
0.0004870576
0.0009337823
0.0008038459
0.0002524774
0.0003372696
0.0005018781
0.0007372564
0.0005745338
0.0006916109
0.0008388863
0.0004635264
0.0006259141
0.0004203081
0.0006584034
0.0006541265
0.0005869871
0.0005268576
0.0005097272
0.0006027766
0.0005430454
0.0003767637
0.0003300964
0.0002576054
0.0004035907
0.0004527556
0.0004866884
0.0005914586
0.0006170082
0.0006359488
0.0003711399
0.0004177195
0.0004955048
0.0004650444
0.0002347349
0.0001220532
0.0002469155
0.0002217849
0.0002456753
0.0004055982
0.0003630977
0.0005342757
0.0005634364
0.0006575002
0.0003798828
0.0005719249
0.0003503338
0.0002441900
0.0002249024
0.0006815540
0.0007030537
0.0005419213
0.0007260890
0.0005967592
0.0005958829
0.0004169508
0.0003643326
0.0002627160
0.0001967186
0.0004086807
0.0004916293
0.0005288726
0.0007264910
0.0007070772
0.0006194715
0.0005027993
0.0006111031
0.0005172119
0.0004407333
0.0002834065
0.0003562403
0.0005720996
0.0005580624
0.0005980614
0.0003709318
0.0003512343
0.0003117154
0.0005809428
0.0006653419
0.0006426091
0.0006453501
0.0004345786
0.0006626734
0.0003739081
0.0007146768
0.0008169086
0.0007222203
0.0004875333
0.0006858878
0.0005883471
0.0006815883
0.0007447390
0.0008108559
0.0007077537
0.0005832317
0.0006041975
0.0003568342
0.0003133868
0.0005234891
0.0005037672
0.0005957300
0.0008426501
0.0005323429
0.0005194948
0.0008875294
0.0006977852
0.0008663410
0.0006518399
0.0006412814
0.0005180529
0.0006959373
0.0004948199
0.0003334738
0.0003519390
0.0003974652
0.0006588451
0.0005918889
0.0005858807
0.0003525954
0.0002347679
0.0003742005
0.0005638508
0.0005763440
0.0007083808
0.0006378644
0.0007136939
0.0005434512
0.0007015763
0.0006879818
0.0004172371
0.0003934696
0.0003700476
0.0003829021
0.0003638300
0.0004853677
0.0005212150
0.0006430265
0.0003560299
0.0003271498
0.0002773534
0.0004366385
0.0004023525
0.0004128500
0.0003513327
0.0006283073
0.0008865471
0.0006023348
0.0005769970
0.0005739162
0.0005401144
0.0005607027
0.0005999182
0.0005384175
0.0004525082
0.0004260087
0.0004832194
0.0004832578
0.0004470381
0.0006962483
0.0006801567
0.0007470305
0.0007415237
0.0006130318
0.0007117626
0.0004927835
0.0005756711
0.0006833966
0.0003937766
0.0006673036
0.0005859306
0.0004038410
0.0003761001
0.0001915820
0.0005209225
0.0006127680
0.0005299733
0.0007067871
0.0006862224
0.0005307688
0.0007649587
0.0006320914
0.0007152561
0.0004858193
0.0007863446
0.0004777515
0.0006775003
0.0002908190
0.0004528221
0.0003684512
0.0002521457
0.0004387009
0.0003792715
0.0006314113
0.0006941144
0.0005787652
0.0004433912
0.0005039602
0.0006066318
0.0006367159
0.0005699911
0.0007613776
0.0004707841
0.0007161896
0.0006625470
0.0005726323
0.0006633217
0.0006851911
0.0004862019
0.0006993780
0.0006295249
0.0003479093
0.0003257698
0.0003066330
0.0002330436
0.0004759482
0.0005257813
0.0003967351
0.0003660474
0.0004912310
0.0003883175
0.0002839699
0.0004445325
0.0003210456
0.0001904185
0.0001768086
0.0004002136
0.0004216413
0.0003626303
0.0002985399
0.0006283679
0.0007495299
0.0009224525
0.0005961703
0.0006613163
0.0004931272
0.0005194433
0.0004259196
0.0002475850
0.0003563064
0.0003297294
0.0002399875
0.0002031069
0.0002105441
0.0001598240
0.0001399176
0.0002782658
0.0006520870
0.0006453029
0.0005942926
0.0006285781
0.0006745586
0.0007056347
0.0006881874
0.0007014417
0.0005497830
0.0004956563
0.0004283243
0.0003605056
0.0004692069
0.0003282775
0.0004823755
0.0003720092
0.0006067371
0.0004844987
0.0005451654
0.0004157080
0.0002807536
0.0004283960
0.0004847240
0.0003419920
0.0004449225
0.0005634166
0.0005474556
0.0005176697
0.0007267138
0.0007470816
0.0005461477
0.0007026748
0.0004822160
0.0008346774
0.0004564124
0.0006314614
0.0004928471
0.0006870586
0.0005364431
0.0004429547
0.0003169412
0.0005001549
0.0004163246
0.0002495205
0.0002053241
0.0001876618
0.0004154680
0.0004908778
0.0003094787
0.0001436147
0.0002089201
0.0002162137
0.0001652763
0.0003591211
0.0003083495
0.0004985673
0.0005996114
0.0005229681
0.0005462183
0.0006664728
0.0007819185
0.0005622811
0.0003588347
0.0003872015
0.0004695141
0.0004085335
0.0003515122
0.0005844244
0.0007440547
0.0007407892
0.0007633085
0.0008039358
0.0005941770
0.0005367144
0.0006395408
0.0005292820
0.0006318589
0.0002903763
0.0007205315
0.0008209987
0.0007091582
0.0005686209
0.0007280158
0.0006083300
0.0007473941
0.0008388195
0.0008029018
0.0007122257
0.0007011578
0.0007892612
0.0007527690
0.0006901350
0.0006796745
0.0006258970
0.0003662085
0.0002712435
0.0003173475
0.0002903061
0.0003589315
0.0003081253
0.0002038529
0.0002914653
0.0005152553
0.0004875647
0.0005304069
0.0003391485
0.0006104175
0.0007878930
0.0006190414
0.0005885052
0.0006946329
0.0007340390
0.0007333549
0.0003163278
0.0003684256
0.0002608571
0.0002967831
0.0004282243
0.0005977304
0.0003135414
0.0006066921
0.0004687502
0.0005262410
0.0005324436
0.0004323412
0.0004359790
0.0005475678
0.0006283240
0.0007858883
0.0007066286
0.0006776757
0.0006944612
0.0005277296
0.0005208009
0.0007968910
0.0004901668
0.0005708830
0.0006170704
0.0006311113
0.0007841219
0.0004987706
0.0007708063
0.0006132710
0.0006918059
0.0005421585
0.0007138753
0.0007059979
0.0006320318
0.0005548643
0.0005109719
0.0007174483
0.0006380517
0.0005466498
0.0004700797
0.0006130906
0.0004092801
0.0004737943
0.0003113484
0.0002772018
0.0002458928
0.0003860094
0.0003188149
0.0003373382
0.0005604041
0.0004304736
0.0002524278
0.0003401397
0.0003485470
0.0002456526
0.0004603547
0.0004516408
0.0002591481
0.0001800807
0.0002692963
0.0003311534
0.0002231832
0.0001777616
0.0001605748
0.0001542863
0.0005295658
0.0007723746
0.0005502579
0.0005619698
0.0005546470
0.0004237363
0.0005813708
0.0005045862
0.0004451641
0.0004892477
0.0005949774
0.0007646837
0.0006931509
0.0006762673
0.0005487697
0.0006606810
0.0005455541
0.0004374039
0.0005333819
0.0005981937
0.0006073265
0.0005847227
0.0005066749
0.0004464009
0.0003440532
0.0004205587
0.0005155268
0.0006012785
0.0007565046
0.0006150352
0.0007250942
0.0005871908
0.0006112440
0.0005700279
0.0005913199
0.0006121933
0.0004748846
0.0007820334
0.0006471066
0.0006718358
0.0005127300
0.0004726094
0.0005722659
0.0002608277
0.0003400994
0.0003553338
0.0005972579
0.0007238501
0.0004161398
0.0004449888
0.0004339071
0.0003139276
0.0002693786
0.0002251929
0.0003289939
0.0003233799
0.0002106871
0.0001931725
0.0005871247
0.0006606825
0.0006337616
0.0003989439
0.0003036727
0.0003328722
0.0002635172
0.0002727489
0.0006859829
0.0006104140
0.0006822763
0.0007064765
0.0007014740
0.0005478501
0.0002418972
0.0002820204
0.0005534417
0.0007311471
0.0006595823
0.0006695887
0.0003449254
0.0006321641
0.0006099684
0.0004791309
0.0005581721
0.0006399142
0.0004515475
0.0005504558
0.0005791167
0.0004907477
0.0005013549
0.0006055397
0.0005290008
0.0004554020
0.0003916193
0.0002939211
0.0004806590
0.0005831377
0.0003859784
0.0002788148
0.0002909394
0.0001386319
0.0002478715
0.0005948657
0.0006984123
0.0007079229
0.0005671613
0.0005094349
0.0008181369
0.0005182236
0.0006325602
0.0007460103
0.0006802120
0.0005612962
0.0005680075
0.0006098416
0.0006315546
0.0007049222
0.0005013510
0.0004754055
0.0006410364
0.0006361317
0.0006991046
0.0005929733
0.0006687273
0.0006810570
0.0006073830
0.0004842522
0.0006543080
0.0003906525
0.0005489147
0.0006359725
0.0004752295
0.0006393846
0.0004474858
0.0005125369
0.0005637002
0.0006936612
0.0008099275
0.0004549370
0.0002487647
0.0002232745
0.0003102523
0.0003722370
0.0005877579
0.0003770963
0.0004634831
0.0003489352
0.0002101499
0.0003345878
0.0002847547
0.0002900105
0.0004190261
0.0005093410
0.0005185208
0.0006004459
0.0006834239
0.0003762592
0.0002506498
0.0004663812
0.0005885909
0.0005217874
0.0007800679
0.0004786169
0.0005826846
0.0006651701
0.0003719637
0.0004059193
0.0004879457
0.0005249917
0.0004678951
0.0005139527
0.0007449083
0.0008335540
0.0006187861
0.0003479721
0.0005487481
0.0004762651
0.0007062132
0.0005721155
0.0006804288
0.0005550833
0.0005408279
0.0004648866
0.0004665100
0.0003769454
0.0005341339
0.0004716037
0.0003387318
0.0002507819
0.0004156018
0.0004943419
0.0005633435
0.0006151619
0.0005172550
0.0005278636
0.0006042563
0.0002799256
0.0003215382
0.0006444930
0.0007116379
0.0005807863
0.0004053668
0.0001782470
0.0004059169
0.0003814669
0.0004119698
0.0002726786
0.0002757239
0.0002190352
0.0002894717
0.0002331601
0.0002224036
0.0002285842
0.0002277442
0.0002002006
0.0002632856
0.0002001879
0.0001184230
0.0003509232
0.0003233517
0.0005276506
0.0006389867
0.0005841619
0.0006524944
0.0006862503
0.0007250013
0.0004599087
0.0004929916
0.0006027773
0.0005892466
0.0006136855
0.0007664854
0.0004135978
0.0006055730
0.0006340544
0.0005879181
0.0004438743
0.0003380030
0.0004445795
0.0004177785
0.0003183580
0.0003250429
0.0005484332
0.0004400736
0.0004282431
0.0004090829
0.0005137280
0.0003428168
0.0001671548
0.0001552683
0.0001857611
0.0002353656
0.0003270894
0.0004108685
0.0003153187
0.0002115841
0.0001690898
0.0005636347
0.0002127239
0.0004526376
0.0005900756
0.0007649971
0.0006192059
0.0007202702
0.0005928032
0.0006977608
0.0006272143
0.0005236030
0.0005169297
0.0003895248
0.0003807768
0.0002508244
0.0002148579
0.0003739693
0.0006070062
0.0009062280
0.0005301734
0.0007755927
0.0006941239
0.0006470072
0.0005703532
0.0008508826
0.0006102224
0.0004484892
0.0005079981
0.0005752003
0.0005036265
0.0003583320
0.0004201015
0.0002808844
0.0003402769
0.0003971111
0.0002531848
0.0002678052
0.0005635715
0.0009026759
0.0008904398
0.0006534664
0.0004735208
0.0003858396
0.0003587023
0.0008212091
0.0007778249
0.0006223942
0.0009062606
0.0005535332
0.0006405433
0.0006132956
0.0006801586
0.0005279539
0.0005986397
0.0004488201
0.0005926409
0.0004989591
0.0005396257
0.0004563155
0.0007047838
0.0005617594
0.0007861248
0.0005250780
0.0006788636
0.0007034023
0.0004120488
0.0003659578
0.0004547145
0.0008349212
0.0006926689
0.0007237181
0.0006669675
0.0005871217
0.0005468529
0.0006133449
0.0005666428
0.0004560695
0.0003542157
0.0003173345
0.0003522317
0.0003943103
0.0004011060
0.0004030329
0.0006463193
0.0004222243
0.0005845168
0.0006149741
0.0005314262
0.0005247962
0.0004266185
0.0007122818
0.0006620729
0.0006860204
0.0004760363
0.0006488134
0.0006033048
0.0005219054
0.0006882908
0.0007648647
0.0004105825
0.0003457257
0.0004142221
0.0003123354
0.0002614360
0.0003848702
0.0004954445
0.0005271651
0.0004822823
0.0005133213
0.0005769279
0.0005531056
0.0004441852
0.0006863863
0.0006025267
0.0006070708
0.0004348314
0.0004047085
0.0002244683
0.0003324037
0.0003259868
0.0005045523
0.0005702730
0.0005089453
0.0003319824
0.0003409550
0.0005706986
0.0004388406
0.0005879483
0.0005291344
0.0004585769
0.0007241046
0.0004941308
0.0004536723
0.0003273081
0.0003374983
0.0003256711
0.0002901852
0.0003236602
0.0003983892
0.0003212437
0.0002414356
0.0005281014
0.0006145531
0.0005516857
0.0005412754
0.0005535728
0.0005159922
0.0004579291
0.0004595397
0.0005538635
0.0005885027
0.0006206101
0.0008035888
0.0005397475
0.0003073956
0.0005414908
0.0005632886
0.0006268863
0.0004828068
0.0003751875
0.0003357312
0.0005273354
0.0005228465
0.0004172749
0.0007353334
0.0007553636
0.0004588201
0.0005931094
0.0006850746
0.0008122890
0.0005985604
0.0005353347
0.0004594836
0.0006318078
0.0005432908
0.0005636119
0.0004589871
0.0006998314
0.0005248200
0.0004663362
0.0007283413
0.0005690461
0.0003509283
0.0004628189
0.0005666854
0.0006103620
0.0006146539
0.0007492065
0.0006755035
0.0005702042
0.0005335931
0.0006107721
0.0003440511
0.0004318104
0.0003487999
0.0003184308
0.0004573942
0.0004572767
0.0003450582
0.0002560762
0.0004666123
0.0006731851
0.0006674979
0.0004011833
0.0005274533
0.0006235037
0.0005481335
0.0006736864
0.0004708973
0.0004721639
0.0004818461
0.0002681048
0.0004167093
0.0004894426
0.0003091198
0.0003096184
0.0002788016
0.0002835620
0.0002458863
0.0002816189
0.0004686770
0.0004682923
0.0005423202
0.0009336984
0.0006579928
0.0007701410
0.0004010408
0.0003619657
0.0005805471
0.0005262216
0.0005985396
0.0007250735
0.0007009362
0.0007022735
0.0005079328
0.0006388253
0.0005723423
0.0006287828
0.0006572226
0.0005787295
0.0007375352
0.0006518907
0.0005837903
0.0007759880
0.0006238998
0.0005287802
0.0005407065
0.0003212080
0.0002943668
0.0003333502
0.0001988765
0.0002738207
0.0002083593
0.0002596961
0.0002216051
0.0002085966
0.0002540645
0.0004946190
0.0007567546
0.0006308468
0.0007745758
0.0007756881
0.0006229957
0.0006357140
0.0004843713
0.0004092197
0.0003365922
0.0002575268
0.0003734342
0.0008120988
0.0005682712
0.0006480112
0.0008459696
0.0007240122
0.0005846539
0.0006192658
0.0006832672
0.0005667537
0.0006507600
0.0006554578
0.0004152676
0.0005078205
0.0002455310
0.0007172604
0.0008093424
0.0006556061
0.0005887201
0.0005639701
0.0003322547
0.0002131332
0.0002892168
0.0002552890
0.0002180613
0.0002948812
0.0005787985
0.0006661822
0.0004735241
0.0004585804
0.0004739904
0.0003362260
0.0002515919
0.0002255473
0.0003748298
0.0004156482
0.0002347112
0.0002010399
0.0002297579
0.0002141932
0.0003292055
0.0004885682
0.0005956714
0.0004925268
0.0006852575
0.0006831275
0.0006064358
0.0005808262
0.0006111254
0.0005813098
0.0007850181
0.0006651607
0.0005986846
0.0004408044
0.0005678410
0.0004907165
0.0005073624
0.0005889894
0.0005359478
0.0005392977
0.0007172039
0.0006589695
0.0007463759
0.0003858486
0.0004987591
0.0005291670
0.0001745459
0.0002840342
0.0007070210
0.0008156872
0.0008079792
0.0006892103
0.0006423756
0.0007108806
0.0004808349
0.0007742128
0.0006369084
0.0004470842
0.0006925781
0.0006820611
0.0006745292
0.0003969665
0.0006135351
0.0003737333
0.0003094739
0.0005646956
0.0006590848
0.0006484825
0.0006642140
0.0005245634
0.0004464339
0.0005413036
0.0005774225
0.0006409984
0.0007563022
0.0006630793
0.0004892376
0.0007572059
0.0004158289
0.0008230755
0.0007098609
0.0006512246
0.0005580353
0.0006070387
0.0005217618
0.0003804762
0.0005845749
0.0005257525
0.0005261914
0.0003927784
0.0005946818
0.0005179492
0.0005710590
0.0004662293
0.0005660787
0.0007488648
0.0007031991
0.0004368971
0.0004991819
0.0005870280
0.0006064200
0.0005181028
0.0003373362
0.0005709017
0.0003537019
0.0003204511
0.0004592434
0.0004204539
0.0006554163
0.0005655800
0.0004361983
0.0003726199
0.0003790937
0.0006323297
0.0007707704
0.0005326037
0.0004750289
0.0004289626
0.0004871477
0.0006120231
0.0005641273
0.0004451260
0.0006367856
0.0004946208
0.0005631575
0.0006016506
0.0005578937
0.0005362010
0.0006150320
0.0008111881
0.0005594259
0.0005090655
0.0005190633
0.0005419038
0.0005092296
0.0006012061
0.0004556306
0.0005337411
0.0006833781
0.0007870540
0.0005974363
0.0004042205
0.0005675284
0.0003533884
0.0003288106
0.0003306621
0.0002869914
0.0004480461
0.0005492469
0.0007185241
0.0006422343
0.0005464801
0.0005759657
0.0006150025
0.0004867439
0.0005942531
0.0006828422
0.0006528775
0.0002895299
0.0004549961
0.0005109094
0.0006717195
0.0005558385
0.0004657899
0.0003908029
0.0004843084
0.0004638024
0.0005081807
0.0005474868
0.0006190875
0.0004815235
0.0004667882
0.0004661746
0.0005298968
0.0006097392
0.0004789538
0.0005457932
0.0007335626
0.0005893103
0.0002746271
0.0003101501
0.0002056419
0.0004768427
0.0006548984
0.0007009846
0.0007178637
0.0003715026
0.0003208259
0.0005887545
0.0008195238
0.0005536115
0.0005531867
0.0004221023
0.0006300038
0.0004324754
0.0005992248
0.0004785557
0.0005920024
0.0003665339
0.0005442192
0.0003909439
0.0004471007
0.0003654111
0.0006193710
0.0005102462
0.0005827223
0.0003458883
0.0004799510
0.0006733536
0.0005904786
0.0006343787
0.0004966946
0.0005330200
0.0005845408
0.0004419910
0.0005428580
0.0005605357
0.0006335952
0.0006072366
0.0009039616
0.0006562076
0.0001905990
0.0001662810
0.0001545143
0.0001443051
0.0003485279
0.0004942744
0.0005862932
0.0005794645
0.0006049483
0.0004686722
0.0003562635
0.0004712110
0.0005930719
0.0005122452
0.0007057270
0.0005440214
0.0006367461
0.0007788556
0.0005549325
0.0006320401
0.0005638524
0.0003932665
0.0003308152
0.0006113048
0.0005709332
0.0005020641
0.0004320555
0.0005876444
0.0004118435
0.0006269289
0.0003528556
0.0005400616
0.0007032753
0.0005646253
0.0003096012
0.0004234513
0.0005443418
0.0003981136
0.0005605991
0.0003434960
0.0002413172
0.0003839311
0.0004379763
0.0003640129
0.0003897112
0.0004740724
0.0004188308
0.0004282823
0.0005573050
0.0005756149
0.0005416433
0.0007458337
0.0007518854
0.0008450561
0.0007463869
0.0005517478
0.0005556923
0.0005800686
0.0006946634
0.0004274375
0.0005966994
0.0004954591
0.0004218180
0.0005298589
0.0004801995
0.0003181080
0.0001688793
0.0001717772
0.0002019007
0.0001699101
0.0002005145
0.0003396967
0.0005265913
0.0005887657
0.0003101241
0.0005266960
0.0005176471
0.0005698947
0.0005921541
0.0003813194
0.0005247052
0.0003894197
0.0002861861
0.0002642163
0.0003362804
0.0004230555
0.0003563616
0.0002571918
0.0002909402
0.0002374946
0.0002145237
0.0005290822
0.0005766985
0.0006858517
0.0004552582
0.0005650094
0.0005952053
0.0007779754
0.0006984383
0.0006836433
0.0005761519
0.0005048251
0.0004136716
0.0005509507
0.0005136714
0.0006295050
0.0006030745
0.0003572770
0.0002820492
0.0001389312
0.0001622692
0.0001844915
0.0002506979
0.0004143738
0.0005827533
0.0006091784
0.0006086242
0.0004890242
0.0003560404
0.0003739495
0.0002491809
0.0002322023
0.0001967377
0.0001951856
0.0006665714
0.0007554842
0.0006298275
0.0006585463
0.0006491714
0.0004267206
0.0004211882
0.0006565498
0.0005986907
0.0005428128
0.0004091447
0.0005002122
0.0006260276
0.0008163639
0.0006159920
0.0004306586
0.0002625514
0.0004380423
0.0007100691
0.0005881177
0.0005723409
0.0006887970
0.0006909958
0.0004940013
0.0008107766
0.0005353717
0.0003748453
0.0005249550
0.0005513754
0.0004245548
0.0006619639
0.0005532346
0.0007032694
0.0006479291
0.0005016742
0.0005777239
0.0005491606
0.0003278682
0.0004458143
0.0004480184
0.0005841250
0.0007645819
0.0007848523
0.0004390152
0.0003953337
0.0005910936
0.0004344932
0.0004010604
0.0005636417
0.0004297474
0.0004924280
0.0007772617
0.0005264709
0.0007806981
0.0005757944
0.0004900086
0.0005471846
0.0008673454
0.0008713713
0.0007349562
0.0005882531
0.0005870647
0.0006166483
0.0004572866
0.0002674651
0.0003778529
0.0005012020
0.0005715923
0.0007701530
0.0004683478
0.0005165535
0.0006593300
0.0006397710
0.0005954529
0.0007201661
0.0005507727
0.0004460449
0.0004670495
0.0006099891
0.0004499732
0.0004030257
0.0005826319
0.0006444413
0.0004738236
0.0004837406
0.0006752633
0.0003676075
0.0005848796
0.0006050899
0.0005725215
0.0005170523
0.0004932956
0.0006573558
0.0005996821
0.0005680085
0.0005460165
0.0005884307
0.0004774855
0.0005633301
0.0005053423
0.0006335536
0.0005167231
0.0007276296
0.0006087269
0.0005090127
0.0007395757
0.0003535848
0.0004537463
0.0005093456
0.0005378317
0.0006698292
0.0005840434
0.0004777905
0.0006251780
0.0007061562
0.0004646858
0.0004868051
0.0006073452
0.0005745203
0.0005848921
0.0004271956
0.0004091836
0.0004742169
0.0005760578
0.0005252541
0.0004278976
0.0005225568
0.0004823396
0.0002697873
0.0002317774
0.0002095032
0.0001911447
0.0002356342
0.0002138767
0.0002382894
0.0004801844
0.0006689048
0.0006547678
0.0006845837
0.0005842691
0.0005217638
0.0006103455
0.0004853499
0.0005481061
0.0004637688
0.0006482276
0.0006928325
0.0005754524
0.0004101360
0.0006010618
0.0003754632
0.0002647876
0.0006327302
0.0007304351
0.0004382593
0.0005207479
0.0006280814
0.0003687809
0.0005006346
0.0004076105
0.0006088496
0.0004861177
0.0003477148
0.0006454419
0.0007370395
0.0007853248
