0.0032564464
0.0015901325
0.0013705271
0.0008237972
0.0012506579
0.0008333429
0.0010763292
0.0011416309
0.0006462076
0.0008197628
0.0008200999
0.0009990103
0.0006393544
0.0005574127
0.0006873116
0.0007647881
0.0006051930
0.0007272182
0.0004857084
0.0003955392
0.0005807346
0.0004854382
0.0006304284
0.0006689497
0.0004399492
0.0004010702
0.0005716431
0.0006378700
0.0004344353
0.0004058345
0.0005450564
0.0007918921
0.0005656082
0.0007570555
0.0005688985
0.0005392195
0.0006480701
0.0004797629
0.0007174037
0.0006110886
0.0006026746
0.0006111518
0.0007484024
0.0006637707
0.0005498513
0.0005806504
0.0008632786
0.0006550397
0.0006912786
0.0005677920
0.0007091019
0.0005332448
0.0003826279
0.0006147170
0.0005686570
0.0005955298
0.0005608631
0.0004492513
0.0005577121
0.0005891835
0.0004935904
0.0005948639
0.0007696123
0.0007727837
0.0007879934
0.0004893408
0.0006601978
0.0005960507
0.0008299004
0.0006523779
0.0006520866
0.0006878574
0.0006703905
0.0007941145
0.0006036124
0.0006291308
0.0005571602
0.0006140881
0.0005313469
0.0006789006
0.0007053173
0.0007328264
0.0005586879
0.0006106383
0.0004688370
0.0007338412
0.0006581963
0.0003463863
0.0004656533
0.0003812811
0.0004892048
0.0004834033
0.0004423554
0.0004879094
0.0004163191
0.0005559253
0.0004954351
0.0005001783
0.0007016575
0.0005389302
0.0006173953
0.0007478903
0.0006827355
0.0005291432
0.0005631335
0.0005764472
0.0004908754
0.0005819835
0.0004668802
0.0005418075
0.0008316764
0.0004729009
0.0006383907
0.0003224786
0.0003560699
0.0005019810
0.0006444804
0.0005550749
0.0004245302
0.0005278737
0.0006446372
0.0004688298
0.0006318323
0.0008034366
0.0006181673
0.0005519515
0.0006772247
0.0005768343
0.0006667564
0.0004371209
0.0005208035
0.0006323883
0.0005596363
0.0004696537
0.0003631630
0.0003842730
0.0003630078
0.0003286770
0.0005975800
0.0006726675
0.0007843312
0.0004821618
0.0007490598
0.0006587041
0.0004860910
0.0002841740
0.0003528002
0.0004702785
0.0006572234
0.0006612962
0.0007915896
0.0007130482
0.0005664774
0.0003799590
0.0004191361
0.0004732274
0.0005144356
0.0004516158
0.0006609493
0.0005070521
0.0006561439
0.0001963746
0.0003039984
0.0002762998
0.0002083905
0.0002006158
0.0004292973
0.0006019540
0.0005103808
0.0008021667
0.0006486773
0.0006463786
0.0006629269
0.0005006807
0.0003975883
0.0002964892
0.0003300714
0.0004850338
0.0006661812
0.0003579728
0.0004632754
0.0005066326
0.0003319464
0.0002658317
0.0005130429
0.0005623019
0.0007503472
0.0006599956
0.0007892639
0.0004065168
0.0005092066
0.0003442194
0.0004536506
0.0004929012
0.0005925442
0.0005517440
0.0004546727
0.0004731315
0.0003351706
0.0004873040
0.0004559482
0.0002425307
0.0001605350
0.0001682116
0.0003131879
0.0004660753
0.0005268678
0.0006480356
0.0006526385
0.0008169021
0.0005650817
0.0005425812
0.0005830362
0.0005786838
0.0004136877
0.0003145666
0.0003070361
0.0003456919
0.0002346375
0.0003503680
0.0005257051
0.0004853293
0.0006718237
0.0006534307
0.0007734870
0.0004275311
0.0004761782
0.0004850195
0.0007754253
0.0006255762
0.0005725782
0.0002672685
0.0001333693
0.0001601709
0.0004848499
0.0003365279
0.0005448383
0.0004288424
0.0006416229
0.0006968144
0.0004029627
0.0003910305
0.0004413817
0.0005666647
0.0006142727
0.0005052842
0.0006039025
0.0005077418
0.0003862042
0.0003166774
0.0003225946
0.0005345598
0.0006436315
0.0006385441
0.0007830310
0.0004697845
0.0005671403
0.0004904981
0.0006702760
0.0006294766
0.0005453096
0.0005455755
0.0004678150
0.0005709151
0.0002143577
0.0003101398
0.0002513084
0.0003003132
0.0004729772
0.0004738741
0.0006861150
0.0005762554
0.0005732388
0.0005559558
0.0006539143
0.0006149064
0.0007195879
0.0002971283
0.0004467346
0.0005092734
0.0004512875
0.0007931034
0.0004701500
0.0004010920
0.0003359873
0.0003347583
0.0003299351
0.0002380955
0.0003944946
0.0007476990
0.0007297425
0.0006119472
0.0007823861
0.0008617726
0.0007038000
0.0004792008
0.0004935436
0.0007166879
0.0004223438
0.0002665328
0.0002367854
0.0003786256
0.0005934759
0.0005738620
0.0007262528
0.0006440120
0.0007228960
0.0003652838
0.0002652299
0.0004235527
0.0006276099
0.0005162650
0.0004970787
0.0006198436
0.0004363663
0.0003402967
0.0003397837
0.0005226053
0.0005042440
0.0005950792
0.0004707503
0.0005892495
0.0005941003
0.0005540297
0.0004215496
0.0005205606
0.0004591491
0.0003588662
0.0004348779
0.0007056933
0.0006106797
0.0005390196
0.0005020882
0.0006223950
0.0006054116
0.0003926074
0.0005995595
0.0004533007
0.0004305929
0.0002965019
0.0002161089
0.0006142245
0.0007668480
0.0008108432
0.0007874418
0.0004721174
0.0006352291
0.0005536861
0.0005123540
0.0004037161
0.0005089606
0.0007774293
0.0005351131
0.0006052905
0.0004653769
0.0006254628
0.0006200386
0.0006020845
0.0005354956
0.0002134090
0.0001748368
0.0001615595
0.0001506444
0.0002126105
0.0002806589
0.0003249021
0.0004629273
0.0004979346
0.0003853820
0.0006082259
0.0005328295
0.0005835088
0.0007729073
0.0007768692
0.0006529702
0.0004763106
0.0004148518
0.0002858605
0.0007152118
0.0007387092
0.0006798806
0.0008177561
0.0005483008
0.0007638119
0.0004999500
0.0006492281
0.0004942644
0.0003774331
0.0004847836
0.0005571931
0.0004125941
0.0003652325
0.0002180588
0.0003012744
0.0005176555
0.0005556821
0.0006653629
0.0007114991
0.0006209175
0.0006821694
0.0005599704
0.0004379540
0.0003913314
0.0002730136
0.0006487545
0.0007257509
0.0006989355
0.0007228707
0.0008017181
0.0005943992
0.0006332637
0.0004533039
0.0007458563
0.0006396080
0.0006555789
0.0004503742
0.0008068675
0.0004747022
0.0003604207
0.0005417400
0.0005288557
0.0006359724
0.0004887373
0.0004373051
0.0007002909
0.0005349492
0.0002700980
0.0001370949
0.0002019828
0.0001824621
0.0002524832
0.0004746822
0.0009100563
0.0007834213
0.0002460624
0.0003287001
0.0004891261
0.0007185239
0.0005599357
0.0006740381
0.0008175715
0.0004517489
0.0006100106
0.0004096287
0.0006416744
0.0006375061
0.0005720726
0.0005134709
0.0004967758
0.0005874610
0.0005292474
0.0003671907
0.0003217092
0.0002510600
0.0003933361
0.0004412518
0.0004743224
0.0005764305
0.0006013310
0.0006197903
0.0003617098
0.0004071058
0.0004829148
0.0004532283
0.0002287706
0.0001189520
0.0002406418
0.0002161497
0.0002394331
0.0003952926
0.0003538720
0.0005207005
0.0005491203
0.0006407941
0.0003702305
0.0005573931
0.0003414323
0.0002379855
0.0002191879
0.0006642367
0.0006851902
0.0005281519
0.0007076402
0.0005815965
0.0005807424
0.0004063567
0.0003550755
0.0002560408
0.0001917203
0.0003982967
0.0004791377
0.0005154347
0.0007080320
0.0006891114
0.0006037317
0.0004900240
0.0005955759
0.0005040703
0.0004295349
0.0002762056
0.0003471888
0.0005575634
0.0005438829
0.0005828656
0.0003615070
0.0003423099
0.0003037952
0.0005661819
0.0006484365
0.0006262814
0.0006289528
0.0004235366
0.0006458359
0.0003644077
0.0006965180
0.0007961522
0.0007038698
0.0004751458
0.0006684604
0.0005733981
0.0006642702
0.0007258163
0.0007902533
0.0006897707
0.0005684127
0.0005888457
0.0003477676
0.0003054241
0.0005101880
0.0004909672
0.0005805934
0.0008212396
0.0005188169
0.0005062952
0.0008649786
0.0006800555
0.0008443286
0.0006352777
0.0006249874
0.0005048900
0.0006782546
0.0004822472
0.0003250008
0.0003429968
0.0003873662
0.0006421048
0.0005768499
0.0005709944
0.0003436365
0.0002288028
0.0003646927
0.0005495242
0.0005617000
0.0006903819
0.0006216572
0.0006955601
0.0005296429
0.0006837503
0.0006705012
0.0004066357
0.0003834721
0.0003606453
0.0003731732
0.0003545857
0.0004730352
0.0005079717
0.0006266882
0.0003469837
0.0003188374
0.0002703062
0.0004255442
0.0003921293
0.0004023601
0.0003424059
0.0006123430
0.0008640213
0.0005870304
0.0005623364
0.0005593339
0.0005263909
0.0005464561
0.0005846752
0.0005247371
0.0004410106
0.0004151845
0.0004709415
0.0004709789
0.0004356795
0.0006785577
0.0006628750
0.0007280496
0.0007226827
0.0005974556
0.0006936778
0.0004802626
0.0005610442
0.0006660325
0.0003837713
0.0006503484
0.0005710430
0.0003935800
0.0003665439
0.0001867142
0.0005076867
0.0005971985
0.0005165075
0.0006888287
0.0006687865
0.0005172828
0.0007455223
0.0006160309
0.0006970825
0.0004734753
0.0007663648
0.0004656126
0.0006602861
0.0002834297
0.0004413166
0.0003590894
0.0002457391
0.0004275542
0.0003696348
0.0006153681
0.0006764780
0.0005640597
0.0004321253
0.0004911553
0.0005912182
0.0006205379
0.0005555085
0.0007420321
0.0004588222
0.0006979923
0.0006457126
0.0005580826
0.0006464677
0.0006677814
0.0004738482
0.0006816078
0.0006135296
0.0003390695
0.0003174925
0.0002988419
0.0002271223
0.0004638551
0.0005124220
0.0003866547
0.0003567466
0.0004787496
0.0003784509
0.0002767547
0.0004332376
0.0003128884
0.0001855803
0.0001723161
0.0003900448
0.0004109281
0.0003534164
0.0002909545
0.0006124020
0.0007304855
0.0008990143
0.0005810225
0.0006445133
0.0004805976
0.0005062450
0.0004150977
0.0002412943
0.0003472532
0.0003213515
0.0002338898
0.0001979463
0.0002051945
0.0001557632
0.0001363625
0.0002711955
0.0006355184
0.0006289067
0.0005791925
0.0006126068
0.0006574191
0.0006877056
0.0006707016
0.0006836192
0.0005358139
0.0004830625
0.0004174412
0.0003513457
0.0004572851
0.0003199365
0.0004701191
0.0003625570
0.0005913208
0.0004721883
0.0005313136
0.0004051455
0.0002736201
0.0004175111
0.0004724079
0.0003333025
0.0004336177
0.0005491010
0.0005335456
0.0005045164
0.0007082491
0.0007280994
0.0005322709
0.0006848209
0.0004699636
0.0008134695
0.0004448157
0.0006154169
0.0004803246
0.0006696015
0.0005228129
0.0004316999
0.0003088882
0.0004874467
0.0004057464
0.0002431806
0.0002001071
0.0001828936
0.0004049115
0.0004784053
0.0003016153
0.0001399657
0.0002036117
0.0002107200
0.0001610769
0.0003499964
0.0003005148
0.0004858995
0.0005843761
0.0005096803
0.0005323397
0.0006495388
0.0007620511
0.0005479944
0.0003497173
0.0003773633
0.0004575844
0.0003981533
0.0003425808
0.0005695750
0.0007251494
0.0007219668
0.0007439140
0.0007835090
0.0005790798
0.0005230772
0.0006232910
0.0005158337
0.0006158043
0.0002829982
0.0007022239
0.0008001384
0.0006911396
0.0005541731
0.0007095180
0.0005928732
0.0007284040
0.0008175064
0.0007825013
0.0006941291
0.0006833424
0.0007692072
0.0007336423
0.0006725997
0.0006624050
0.0006099939
0.0003569037
0.0002643516
0.0003092842
0.0002829298
0.0003498116
0.0003002963
0.0001986733
0.0002840596
0.0005021634
0.0004751764
0.0005169301
0.0003305313
0.0005949077
0.0007678739
0.0006033125
0.0005735521
0.0006769833
0.0007153882
0.0007147215
0.0003082904
0.0003590645
0.0002542291
0.0002892423
0.0004173438
0.0005825430
0.0003055748
0.0005912769
0.0004568399
0.0005128700
0.0005189150
0.0004213561
0.0004249014
0.0005336549
0.0006123592
0.0007659201
0.0006886742
0.0006604570
0.0006768160
0.0005143208
0.0005075681
0.0007766432
0.0004777124
0.0005563777
0.0006013915
0.0006150757
0.0007641985
0.0004860976
0.0007512212
0.0005976887
0.0006742282
0.0005283831
0.0006957368
0.0006880596
0.0006159728
0.0005407660
0.0004979888
0.0006992190
0.0006218398
0.0005327603
0.0004581356
0.0005975129
0.0003988809
0.0004617559
0.0003034375
0.0002701585
0.0002396450
0.0003762014
0.0003107143
0.0003287669
0.0005461650
0.0004195359
0.0002460140
0.0003314972
0.0003396910
0.0002394109
0.0004486578
0.0004401653
0.0002525636
0.0001755051
0.0002624539
0.0003227393
0.0002175125
0.0001732450
0.0001564948
0.0001503662
0.0005161103
0.0007527498
0.0005362766
0.0005476910
0.0005405542
0.0004129698
0.0005665990
0.0004917655
0.0004338532
0.0004768167
0.0005798599
0.0007452542
0.0006755390
0.0006590843
0.0005348263
0.0006438941
0.0005316924
0.0004262901
0.0005198294
0.0005829945
0.0005918953
0.0005698657
0.0004938011
0.0004350585
0.0003353113
0.0004098729
0.0005024280
0.0005860009
0.0007372830
0.0005994081
0.0007066706
0.0005722711
0.0005957132
0.0005555443
0.0005762953
0.0005966384
0.0004628185
0.0007621631
0.0006306646
0.0006547655
0.0004997023
0.0004606011
0.0005577255
0.0002542005
0.0003314580
0.0003463053
0.0005820824
0.0007054582
0.0004055663
0.0004336823
0.0004228822
0.0003059512
0.0002625341
0.0002194711
0.0003206347
0.0003151633
0.0002053339
0.0001882642
0.0005722068
0.0006438956
0.0006176587
0.0003888074
0.0002959569
0.0003244144
0.0002568216
0.0002658188
0.0006685531
0.0005949043
0.0006649407
0.0006885260
0.0006836506
0.0005339301
0.0002357509
0.0002748547
0.0005393796
0.0007125698
0.0006428233
0.0006525755
0.0003361613
0.0006161017
0.0005944700
0.0004669569
0.0005439898
0.0006236549
0.0004400743
0.0005364695
0.0005644022
0.0004782785
0.0004886162
0.0005901539
0.0005155596
0.0004438309
0.0003816688
0.0002864530
0.0004684462
0.0005683210
0.0003761713
0.0002717305
0.0002835471
0.0001351094
0.0002415734
0.0005797511
0.0006806667
0.0006899356
0.0005527506
0.0004964909
0.0007973493
0.0005050563
0.0006164878
0.0007270553
0.0006629288
0.0005470346
0.0005535752
0.0005943465
0.0006155077
0.0006870112
0.0004886125
0.0004633262
0.0006247486
0.0006199686
0.0006813414
0.0005779068
0.0006517359
0.0006637523
0.0005919503
0.0004719480
0.0006376830
0.0003807266
0.0005349676
0.0006198134
0.0004631546
0.0006231388
0.0004361159
0.0004995141
0.0005493774
0.0006760364
0.0007893484
0.0004433777
0.0002424440
0.0002176014
0.0003023693
0.0003627790
0.0005728239
0.0003675148
0.0004517067
0.0003400693
0.0002048103
0.0003260865
0.0002775195
0.0002826418
0.0004083793
0.0004963994
0.0005053460
0.0005851895
0.0006660592
0.0003666991
0.0002442812
0.0004545312
0.0005736356
0.0005085296
0.0007602475
0.0004664559
0.0005678795
0.0006482691
0.0003625126
0.0003956055
0.0004755478
0.0005116525
0.0004560066
0.0005008940
0.0007259813
0.0008123746
0.0006030637
0.0003391306
0.0005348052
0.0004641639
0.0006882693
0.0005575789
0.0006631402
0.0005409795
0.0005270863
0.0004530745
0.0004546567
0.0003673678
0.0005205624
0.0004596210
0.0003301252
0.0002444099
0.0004050420
0.0004817814
0.0005490298
0.0005995315
0.0005041123
0.0005144514
0.0005889030
0.0002728131
0.0003133684
0.0006281174
0.0006935563
0.0005660294
0.0003950670
0.0001737180
0.0003956032
0.0003717744
0.0004015022
0.0002657502
0.0002687181
0.0002134699
0.0002821167
0.0002272359
0.0002167527
0.0002227762
0.0002219575
0.0001951138
0.0002565959
0.0001951014
0.0001154140
0.0003420068
0.0003151358
0.0005142438
0.0006227510
0.0005693193
0.0006359155
0.0006688137
0.0007065802
0.0004482231
0.0004804654
0.0005874616
0.0005742747
0.0005980927
0.0007470102
0.0004030889
0.0005901863
0.0006179440
0.0005729799
0.0004325961
0.0003294149
0.0004332834
0.0004071634
0.0003102690
0.0003167841
0.0005344984
0.0004288920
0.0004173621
0.0003986888
0.0005006750
0.0003341063
0.0001629076
0.0001513231
0.0001810411
0.0002293854
0.0003187785
0.0004004289
0.0003073069
0.0002062081
0.0001647935
0.0005493136
0.0002073189
0.0004411368
0.0005750827
0.0007455597
0.0006034728
0.0007019692
0.0005777410
0.0006800318
0.0006112777
0.0005102990
0.0005037953
0.0003796276
0.0003711018
0.0002444513
0.0002093986
0.0003644673
0.0005915830
0.0008832021
0.0005167025
0.0007558861
0.0006764872
0.0006305678
0.0005558614
0.0008292629
0.0005947176
0.0004370938
0.0004950907
0.0005605853
0.0004908301
0.0003492273
0.0004094274
0.0002737476
0.0003316309
0.0003870211
0.0002467517
0.0002610007
0.0005492520
0.0008797403
0.0008678151
0.0006368628
0.0004614893
0.0003760360
0.0003495882
0.0008003434
0.0007580615
0.0006065801
0.0008832339
0.0005394687
0.0006242681
0.0005977127
0.0006628768
0.0005145394
0.0005834292
0.0004374163
0.0005775828
0.0004862813
0.0005259146
0.0004447212
0.0006868763
0.0005474859
0.0007661506
0.0005117366
0.0006616147
0.0006855299
0.0004015793
0.0003566594
0.0004431608
0.0008137071
0.0006750692
0.0007053295
0.0006500208
0.0005722039
0.0005329582
0.0005977607
0.0005522452
0.0004444814
0.0003452156
0.0003092715
0.0003432820
0.0003842915
0.0003909145
0.0003927924
0.0006298973
0.0004114962
0.0005696651
0.0005993485
0.0005179234
0.0005114619
0.0004157788
0.0006941837
0.0006452506
0.0006685897
0.0004639410
0.0006323281
0.0005879757
0.0005086446
0.0006708024
0.0007454306
0.0004001502
0.0003369413
0.0004036974
0.0003043994
0.0002547933
0.0003750912
0.0004828560
0.0005137707
0.0004700282
0.0005002786
0.0005622690
0.0005390521
0.0004328991
0.0006689463
0.0005872174
0.0005916461
0.0004237830
0.0003944255
0.0002187649
0.0003239579
0.0003177040
0.0004917324
0.0005557832
0.0004960138
0.0003235472
0.0003322919
0.0005561981
0.0004276904
0.0005730094
0.0005156899
0.0004469252
0.0007057062
0.0004815757
0.0004421452
0.0003189917
0.0003289229
0.0003173963
0.0002828120
0.0003154364
0.0003882668
0.0003130814
0.0002353011
0.0005146832
0.0005989382
0.0005376682
0.0005275224
0.0005395074
0.0005028816
0.0004462938
0.0004478635
0.0005397907
0.0005735498
0.0006048414
0.0007831708
0.0005260333
0.0002995851
0.0005277323
0.0005489763
0.0006109581
0.0004705394
0.0003656545
0.0003272007
0.0005139366
0.0005095617
0.0004066726
0.0007166497
0.0007361710
0.0004471622
0.0005780394
0.0006676679
0.0007916500
0.0005833519
0.0005217326
0.0004478088
0.0006157545
0.0005294866
0.0005492913
0.0004473249
0.0006820497
0.0005114851
0.0004544873
0.0007098352
0.0005545874
0.0003420118
0.0004510593
0.0005522867
0.0005948536
0.0005990365
0.0007301703
0.0006583400
0.0005557162
0.0005200353
0.0005952533
0.0003353093
0.0004208387
0.0003399374
0.0003103400
0.0004457725
0.0004456580
0.0003362908
0.0002495697
0.0004547564
0.0006560805
0.0006505378
0.0003909898
0.0005140515
0.0006076614
0.0005342062
0.0006565690
0.0004589325
0.0004601669
0.0004696031
0.0002612927
0.0004061213
0.0004770066
0.0003012656
0.0003017515
0.0002717177
0.0002763571
0.0002396387
0.0002744634
0.0004567687
0.0004563937
0.0005285407
0.0009099745
0.0006412741
0.0007505729
0.0003908510
0.0003527687
0.0005657963
0.0005128511
0.0005833316
0.0007066504
0.0006831265
0.0006844298
0.0004950270
0.0006225937
0.0005578000
0.0006128064
0.0006405235
0.0005640249
0.0007187955
0.0006353272
0.0005689571
0.0007562713
0.0006080475
0.0005153447
0.0005269680
0.0003130466
0.0002868873
0.0003248802
0.0001938233
0.0002668634
0.0002030652
0.0002530976
0.0002159745
0.0002032965
0.0002476091
0.0004820514
0.0007375266
0.0006148179
0.0007548950
0.0007559790
0.0006071663
0.0006195615
0.0004720641
0.0003988220
0.0003280399
0.0002509835
0.0003639458
0.0007914646
0.0005538323
0.0006315462
0.0008244748
0.0007056161
0.0005697988
0.0006035312
0.0006659064
0.0005523533
0.0006342252
0.0006388036
0.0004047163
0.0004949175
0.0002392925
0.0006990359
0.0007887782
0.0006389481
0.0005737616
0.0005496405
0.0003238126
0.0002077178
0.0002818682
0.0002488025
0.0002125206
0.0002873887
0.0005640921
0.0006492555
0.0004614925
0.0004469286
0.0004619470
0.0003276830
0.0002451993
0.0002198165
0.0003653060
0.0004050872
0.0002287476
0.0001959318
0.0002239201
0.0002087509
0.0003208409
0.0004761545
0.0005805363
0.0004800124
0.0006678462
0.0006657703
0.0005910272
0.0005660683
0.0005955976
0.0005665396
0.0007650720
0.0006482600
0.0005834729
0.0004296042
0.0005534130
0.0004782481
0.0004944711
0.0005740241
0.0005223302
0.0005255949
0.0006989808
0.0006422261
0.0007274116
0.0003760448
0.0004860864
0.0005157217
0.0001701110
0.0002768173
0.0006890567
0.0007949618
0.0007874497
0.0006716985
0.0006260538
0.0006928182
0.0004686176
0.0007545413
0.0006207256
0.0004357245
0.0006749807
0.0006647309
0.0006573904
0.0003868801
0.0005979461
0.0003642373
0.0003016106
0.0005503475
0.0006423385
0.0006320056
0.0006473373
0.0005112350
0.0004350907
0.0005275499
0.0005627511
0.0006247116
0.0007370857
0.0006462314
0.0004768068
0.0007379665
0.0004052633
0.0008021624
0.0006918244
0.0006346779
0.0005438565
0.0005916147
0.0005085046
0.0003708088
0.0005697217
0.0005123939
0.0005128217
0.0003827985
0.0005795718
0.0005047889
0.0005565492
0.0004543831
0.0005516955
0.0007298373
0.0006853319
0.0004257962
0.0004864985
0.0005721125
0.0005910118
0.0005049386
0.0003287650
0.0005563960
0.0003447149
0.0003123089
0.0004475747
0.0004097708
0.0006387632
0.0005512094
0.0004251151
0.0003631522
0.0003694615
0.0006162631
0.0007511863
0.0005190710
0.0004629592
0.0004180633
0.0004747701
0.0005964725
0.0005497937
0.0004338160
0.0006206058
0.0004820532
0.0005488486
0.0005863635
0.0005437185
0.0005225770
0.0005994050
0.0007905770
0.0005452117
0.0004961309
0.0005058746
0.0005281349
0.0004962908
0.0005859304
0.0004440537
0.0005201796
0.0006660145
0.0007670561
0.0005822564
0.0003939498
0.0005531083
0.0003444093
0.0003204560
0.0003222604
0.0002796994
0.0004366619
0.0005352913
0.0007002674
0.0006259161
0.0005325949
0.0005613313
0.0005993762
0.0004743765
0.0005791540
0.0006654922
0.0006362889
0.0002821734
0.0004434353
0.0004979280
0.0006546522
0.0005417155
0.0004539549
0.0003808732
0.0004720029
0.0004520179
0.0004952686
0.0005335760
0.0006033574
0.0004692887
0.0004549278
0.0004543298
0.0005164330
0.0005942467
0.0004667843
0.0005319254
0.0007149239
0.0005743368
0.0002676492
0.0003022696
0.0002004168
0.0004647269
0.0006382585
0.0006831736
0.0006996239
0.0003620633
0.0003126742
0.0005737952
0.0007987009
0.0005395450
0.0005391311
0.0004113773
0.0006139963
0.0004214869
0.0005839994
0.0004663963
0.0005769605
0.0003572208
0.0005303914
0.0003810106
0.0004357405
0.0003561265
0.0006036338
0.0004972816
0.0005679162
0.0003370998
0.0004677562
0.0006562447
0.0005754754
0.0006182601
0.0004840743
0.0005194767
0.0005696885
0.0004307607
0.0005290648
0.0005462933
0.0006174965
0.0005918076
0.0008809933
0.0006395344
0.0001857561
0.0001620561
0.0001505883
0.0001406385
0.0003396723
0.0004817156
0.0005713964
0.0005647411
0.0005895775
0.0004567639
0.0003472114
0.0004592383
0.0005780028
0.0004992298
0.0006877956
0.0005301987
0.0006205673
0.0007590661
0.0005408325
0.0006159809
0.0005495258
0.0003832742
0.0003224097
0.0005957725
0.0005564266
0.0004893074
0.0004210776
0.0005727132
0.0004013792
0.0006109996
0.0003438901
0.0005263394
0.0006854062
0.0005502790
0.0003017347
0.0004126921
0.0005305109
0.0003879981
0.0005463551
0.0003347683
0.0002351857
0.0003741760
0.0004268480
0.0003547639
0.0003798092
0.0004620270
0.0004081889
0.0004174003
0.0005431447
0.0005609894
0.0005278810
0.0007268832
0.0007327811
0.0008235845
0.0007274223
0.0005377287
0.0005415730
0.0005653300
0.0006770130
0.0004165769
0.0005815381
0.0004828702
0.0004111002
0.0005163960
0.0004679984
0.0003100253
0.0001645883
0.0001674126
0.0001967707
0.0001655929
0.0001954197
0.0003310656
0.0005132114
0.0005738061
0.0003022443
0.0005133135
0.0005044944
0.0005554145
0.0005771083
0.0003716306
0.0005113732
0.0003795251
0.0002789146
0.0002575030
0.0003277360
0.0004123063
0.0003473070
0.0002506569
0.0002835478
0.0002314602
0.0002090730
0.0005156390
0.0005620454
0.0006684252
0.0004436908
0.0005506534
0.0005800821
0.0007582082
0.0006806920
0.0006662730
0.0005615127
0.0004919982
0.0004031608
0.0005369519
0.0005006198
0.0006135103
0.0005877513
0.0003481991
0.0002748828
0.0001354012
0.0001581462
0.0001798038
0.0002443280
0.0004038452
0.0005679464
0.0005937001
0.0005931600
0.0004765988
0.0003469939
0.0003644480
0.0002428495
0.0002263024
0.0001917389
0.0001902262
0.0006496349
0.0007362885
0.0006138246
0.0006418136
0.0006326770
0.0004158783
0.0004104864
0.0006398679
0.0005834788
0.0005290207
0.0003987490
0.0004875026
0.0006101212
0.0007956214
0.0006003406
0.0004197162
0.0002558804
0.0004269123
0.0006920273
0.0005731745
0.0005577985
0.0006712957
0.0006734387
0.0004814494
0.0007901760
0.0005217687
0.0003653211
0.0005116167
0.0005373658
0.0004137675
0.0006451444
0.0005391777
0.0006854004
0.0006314661
0.0004889274
0.0005630448
0.0005352073
0.0003195375
0.0004344868
0.0004366350
0.0005692833
0.0007451550
0.0007649104
0.0004278604
0.0003852889
0.0005760748
0.0004234534
0.0003908701
0.0005493204
0.0004188282
0.0004799161
0.0007575127
0.0005130940
0.0007608617
0.0005611643
0.0004775582
0.0005332815
0.0008453074
0.0008492310
0.0007162820
0.0005733065
0.0005721482
0.0006009802
0.0004456677
0.0002606692
0.0003682522
0.0004884672
0.0005570690
0.0007505846
0.0004564478
0.0005034287
0.0006425774
0.0006235154
0.0005803233
0.0007018678
0.0005367784
0.0004347116
0.0004551825
0.0005944902
0.0004385401
0.0003927854
0.0005678281
0.0006280670
0.0004617845
0.0004714495
0.0006581058
0.0003582671
0.0005700186
0.0005897155
0.0005579745
0.0005039148
0.0004807617
0.0006406534
0.0005844450
0.0005535763
0.0005321430
0.0005734795
0.0004653533
0.0005490167
0.0004925023
0.0006174560
0.0005035940
0.0007091416
0.0005932601
0.0004960794
0.0007207842
0.0003446007
0.0004422172
0.0004964039
0.0005241662
0.0006528098
0.0005692037
0.0004656506
0.0006092931
0.0006882139
0.0004528789
0.0004744361
0.0005919135
0.0005599226
0.0005700309
0.0004163412
0.0003987869
0.0004621678
0.0005614211
0.0005119082
0.0004170253
0.0005092794
0.0004700840
0.0002629324
0.0002258883
0.0002041801
0.0001862880
0.0002296471
0.0002084425
0.0002322348
0.0004679837
0.0006519089
0.0006381311
0.0006671894
0.0005694237
0.0005085066
0.0005948376
0.0004730179
0.0005341796
0.0004519851
0.0006317572
0.0006752287
0.0005608310
0.0003997151
0.0005857897
0.0003659232
0.0002580598
0.0006166535
0.0007118759
0.0004271238
0.0005075164
0.0006121228
0.0003594107
0.0004879142
0.0003972537
0.0005933797
0.0004737662
0.0003388799
0.0006290422
0.0007183124
0.0007653709
0.0004231464
0.0004612354
0.0003927681
0.0002152466
0.0002030263
0.0003774351
0.0005403255
0.0003969636
0.0004583684
0.0003549115
0.0002263529
0.0001973251
0.0003387757
0.0005536464
0.0005295480
0.0005397785
0.0004784754
0.0005768756
0.0004151277
0.0003069015
0.0002680758
0.0003232956
0.0003945148
0.0003829043
0.0005857852
0.0006016856
0.0005732881
0.0004621735
0.0006569570
0.0007586204
0.0005409063
0.0004591808
0.0005932183
0.0007956032
0.0006039949
0.0006543717
0.0005609653
0.0005194008
0.0005901361
0.0007319545
0.0006433830
0.0006153916
0.0007858621
0.0006359443
0.0006085689
0.0005964080
0.0007179828
0.0007292592
0.0005945372
0.0004378937
