0.0282911695
0.0152475177
0.0094054704
0.0097864083
0.0065297757
0.0083403953
0.0062277954
0.0082810766
0.0067291736
0.0074396299
0.0065274761
0.0073593141
0.0027620095
0.0045688073
0.0061954226
0.0059056054
0.0056373146
0.0041294051
0.0059049075
0.0062227287
0.0043069094
0.0052096290
0.0068304971
0.0064459728
0.0064830087
0.0056553431
0.0056796793
0.0043764263
0.0045538012
0.0062838242
0.0062537001
0.0064759645
0.0031273088
0.0078349052
0.0019293964
0.0049561844
0.0052309874
0.0056950940
0.0058115905
0.0062032443
0.0061837236
0.0061718370
0.0066438525
0.0033484392
0.0049081341
0.0049783048
0.0042906370
0.0051086571
0.0050058795
0.0047493823
0.0046803955
0.0043095747
0.0056545517
0.0047774955
0.0049916830
0.0035094227
0.0041962264
0.0047940623
0.0021115806
0.0045067151
0.0051339449
0.0063280832
0.0065142639
0.0052911346
0.0057087351
0.0060702434
0.0056698511
0.0034971898
0.0032096602
0.0050874650
0.0036211174
0.0030554896
0.0059439727
0.0037223576
0.0044494074
0.0061283683
0.0061650798
0.0053834669
0.0054002333
0.0066915486
0.0054909884
0.0057900013
0.0054354303
0.0039365397
0.0050755577
0.0044836094
0.0047136796
0.0031068947
0.0032024732
0.0033242256
0.0022911826
0.0027838151
0.0029368078
0.0040490382
0.0027921891
0.0021292646
0.0040918353
0.0054182484
0.0048998916
0.0044287217
0.0044806467
0.0037489802
0.0043807475
0.0036856720
0.0044487127
0.0030687449
0.0041803737
0.0050993928
0.0060826133
0.0030218967
0.0043800941
0.0056357112
0.0065823849
0.0065046570
0.0058645046
0.0051518147
0.0049074212
0.0050541774
0.0043579367
0.0061553591
0.0050569523
0.0069844515
0.0059096264
0.0052200736
0.0046641481
0.0053645226
0.0038062079
0.0062905707
0.0066182426
0.0051107071
0.0044784401
0.0057743537
0.0053689411
0.0031963660
0.0066501359
0.0063376700
0.0054272355
0.0057068296
0.0060596776
0.0029801000
0.0032896502
0.0038502810
0.0052644587
0.0053892511
0.0030653814
0.0053469505
0.0059678810
0.0027790821
0.0045727873
0.0054884767
0.0044872334
0.0033418843
0.0042356453
0.0037550387
0.0027810050
0.0041697630
0.0047078913
0.0045512050
0.0032378500
0.0034757968
0.0036284606
0.0044002953
0.0033828004
0.0027667836
0.0022907946
0.0024889418
0.0020959992
0.0022773202
0.0015322264
0.0047758347
0.0054995734
0.0054094246
0.0049607362
0.0048246586
0.0026222564
0.0042125312
0.0046212795
0.0043999959
0.0029421194
0.0041154043
0.0054052654
0.0045650594
0.0043222918
0.0040894346
0.0060545214
0.0037701855
0.0032353851
0.0032862521
0.0046222500
0.0027801856
0.0055733082
0.0046085817
0.0063033057
0.0055363534
0.0039566129
0.0046383867
0.0036904706
0.0036807997
0.0050819741
0.0047899022
