0.0273849481
0.0147591099
0.0091041948
0.0094729305
0.0063206143
0.0080732361
0.0060283069
0.0080158175
0.0065136250
0.0072013240
0.0063183883
0.0071235809
0.0026735370
0.0044224594
0.0059969711
0.0057164374
0.0054567404
0.0039971322
0.0057157617
0.0060234025
0.0041689506
0.0050427544
0.0066117030
0.0062394957
0.0062753453
0.0054741914
0.0054977481
0.0042362408
0.0044079341
0.0060825410
0.0060533819
0.0062685267
0.0030271350
0.0075839379
0.0018675940
0.0047974281
0.0050634286
0.0055126690
0.0056254339
0.0060045422
0.0059856468
0.0059741410
0.0064310369
0.0032411821
0.0047509170
0.0048188400
0.0041531996
0.0049450168
0.0048455314
0.0045972503
0.0045304733
0.0041715306
0.0054734253
0.0046244629
0.0048317897
0.0033970091
0.0040618131
0.0046404991
0.0020439425
0.0043623562
0.0049694946
0.0061253823
0.0063055993
0.0051216492
0.0055258731
0.0058758016
0.0054882347
0.0033851680
0.0031068485
0.0049245036
0.0035051259
0.0029576163
0.0057535757
0.0036031232
0.0043068842
0.0059320647
0.0059676003
0.0052110240
0.0052272533
0.0064772052
0.0053151013
0.0056045362
0.0052613229
0.0038104446
0.0049129777
0.0043399906
0.0045626912
0.0030073748
0.0030998917
0.0032177441
0.0022177916
0.0026946440
0.0028427361
0.0039193396
0.0027027499
0.0020610601
0.0039607658
0.0052446913
0.0047429385
0.0042868611
0.0043371228
0.0036288931
0.0042404236
0.0035676127
0.0043062117
0.0029704470
0.0040464682
0.0049360493
0.0058877753
0.0029250994
0.0042397911
0.0054551884
0.0063715383
0.0062963001
0.0056766530
0.0049867921
0.0047502270
0.0048922822
0.0042183435
0.0059581909
0.0048949682
0.0067607259
0.0057203295
0.0050528644
0.0045147464
0.0051926864
0.0036842877
0.0060890715
0.0064062473
0.0049470012
0.0043349869
0.0055893899
0.0051969634
0.0030939802
0.0064371190
0.0061346621
0.0052533905
0.0055240287
0.0058655743
0.0028846416
0.0031842763
0.0037269489
0.0050958278
0.0052166229
0.0029671913
0.0051756772
0.0057767181
0.0026900627
0.0044263120
0.0053126701
0.0043434986
0.0032348372
0.0040999693
0.0036347575
0.0026919240
0.0040361973
0.0045570883
0.0044054210
0.0031341353
0.0033644602
0.0035122339
0.0042593452
0.0032744427
0.0026781581
0.0022174160
0.0024092161
0.0020288602
0.0022043732
0.0014831462
0.0046228554
0.0053234113
0.0052361502
0.0048018341
0.0046701154
0.0025382604
0.0040775956
0.0044732509
0.0042590554
0.0028478775
0.0039835798
0.0052321242
0.0044188316
0.0041838403
0.0039584420
0.0058605832
0.0036494190
0.0031317494
0.0031809871
0.0044741903
0.0026911308
0.0053947843
0.0044609598
0.0061013985
0.0053590132
0.0038298749
0.0044898102
0.0035722576
0.0035628965
0.0049191886
0.0046364722
0.0023021407
0.0023364242
0.0025047077
0.0036285240
0.0061187281
0.0032555071
0.0033756210
0.0036333078
0.0017141312
0.0031628622
