0.0729059751
0.0497528963
0.0210316493
0.0262021825
0.0177113051
0.0161376549
0.0145163874
0.0164705874
0.0162386465
0.0087071838
0.0167616034
0.0056086338
0.0034843445
0.0037625152
0.0045860340
0.0052655855
0.0042470501
0.0031263493
0.0049516116
0.0046162885
0.0031657575
0.0030483716
0.0032652068
0.0029531948
0.0042955177
0.0043791771
0.0030107522
0.0022841929
0.0022256678
0.0030592024
0.0029249068
0.0024890523
0.0026673028
0.0021529250
0.0018950861
0.0018546280
0.0022789740
0.0036172348
0.0034208068
0.0021399916
0.0018184451
0.0022027521
0.0023554188
0.0019033201
0.0017116946
0.0016879183
0.0018490253
0.0020839389
0.0027399593
0.0055488009
0.0044282369
0.0028499195
0.0035929336
0.0034667314
0.0069232573
0.0096911780
0.0093312336
0.0083272531
0.0097928092
0.0104332297
0.0110414902
0.0069781903
0.0047138053
0.0071081550
0.0082744662
0.0061004683
0.0032732927
0.0015280939
0.0015016806
0.0014761649
0.0014515020
0.0014276496
0.0072633959
0.0064094315
0.0061518556
0.0047283154
0.0031334686
0.0028372517
0.0027319016
0.0027359249
0.0017976037
0.0013082055
0.0017010747
0.0015287850
0.0016213787
0.0021261020
0.0036716609
0.0072705902
0.0095797450
0.0075177120
0.0076286651
0.0077261554
0.0053033269
0.0018159267
0.0026507653
0.0025904032
0.0017427665
0.0019390427
0.0018967067
0.0023639856
0.0039966477
0.0033434752
0.0019399124
0.0015983026
0.0019902382
0.0013762545
0.0009920334
0.0061953440
0.0060009670
0.0064043369
0.0074750554
0.0071207104
0.0082218724
0.0061956382
0.0053253231
0.0052346764
0.0024852289
0.0012274497
0.0014579991
0.0016880555
0.0014438560
0.0011917260
0.0013905557
0.0016047720
0.0013935616
0.0011580910
0.0027434532
0.0045435245
0.0044464517
0.0029344507
0.0027284947
0.0036178376
0.0033798228
0.0028686226
0.0019145693
0.0011930139
0.0010329412
0.0010811743
0.0010559265
0.0009990848
0.0009528973
0.0011899997
0.0012323896
0.0010533768
0.0020801543
0.0026395260
0.0020937715
0.0017353689
0.0012085520
0.0027605581
0.0033502267
0.0011789636
0.0010304492
0.0042986552
0.0064078392
0.0057983320
0.0070962398
0.0089388553
0.0068757530
0.0071489248
0.0054312009
0.0062058200
0.0047213251
0.0042717785
0.0047982466
0.0038634318
0.0014170195
0.0014158688
0.0013931642
0.0013711763
0.0013498717
0.0013292191
0.0013091889
0.0012897535
0.0025273803
0.0024112730
0.0015994539
0.0016925603
0.0014716385
0.0013544862
0.0019633160
0.0020158472
0.0014086969
0.0013130509
0.0012935015
0.0008034786
0.0009589479
0.0011197455
0.0009618183
0.0008610470
0.0010216207
0.0009371104
0.0009317175
0.0013985709
0.0012424493
0.0038205150
0.0057082663
0.0041963637
0.0020252682
0.0043239073
0.0052165105
0.0051901159
0.0081062478
0.0078223759
0.0032201004
0.0039029538
0.0029491180
0.0038877995
0.0028979019
0.0051451905
0.0079128520
0.0053182393
0.0048515200
0.0039029415
0.0053525580
0.0050462868
0.0018131552
0.0021343570
0.0015847720
0.0015560293
