0.0253727093
0.0136746144
0.0084352209
0.0087768621
0.0058561772
0.0074800169
0.0055853485
0.0074268174
0.0060350056
0.0066721726
0.0058541148
0.0066001421
0.0024770862
0.0040974983
0.0055563152
0.0052963950
0.0050557805
0.0037034240
0.0052957691
0.0055808045
0.0038626172
0.0046722142
0.0061258768
0.0057810192
0.0058142346
0.0050719492
0.0050937750
0.0039249630
0.0040840402
0.0056355975
0.0056085810
0.0058079170
0.0028047019
0.0070266721
0.0017303637
0.0044449144
0.0046913692
0.0051075995
0.0052120785
0.0055633301
0.0055458231
0.0055351627
0.0059584860
0.0030030209
0.0044018208
0.0044647529
0.0038480235
0.0045816583
0.0044894830
0.0042594455
0.0041975753
0.0038650076
0.0050712395
0.0042846586
0.0044767510
0.0031473977
0.0037633521
0.0042995165
0.0018937542
0.0040418114
0.0046043375
0.0056752908
0.0058422655
0.0047453118
0.0051198334
0.0054440493
0.0050849606
0.0031364267
0.0028785581
0.0045626524
0.0032475702
0.0027402915
0.0053308044
0.0033383667
0.0039904155
0.0054961782
0.0055291026
0.0048281193
0.0048431561
0.0060012619
0.0049245491
0.0051927164
0.0048747223
0.0035304542
0.0045519734
0.0040210893
0.0042274259
0.0027863937
0.0028721125
0.0029813051
0.0020548288
0.0024966423
0.0026338526
0.0036313476
0.0025041525
0.0019096140
0.0036697298
0.0048593128
0.0043944286
0.0039718637
0.0040184322
0.0033622430
0.0039288384
0.0033054655
0.0039897924
0.0027521794
0.0037491348
0.0045733497
0.0054551432
0.0027101639
0.0039282524
0.0050543426
0.0059033593
0.0058336496
0.0052595341
0.0046203639
0.0044011815
0.0045327986
0.0039083807
0.0055203846
0.0045352872
0.0062639495
0.0053000012
0.0046815813
0.0041830040
0.0048111292
0.0034135672
0.0056416481
0.0059355180
0.0045834968
0.0040164532
0.0051786830
0.0048150919
0.0028666353
0.0059641212
0.0056838887
0.0048673728
0.0051181245
0.0054345734
0.0026726789
0.0029502965
0.0034530937
0.0047213877
0.0048333068
0.0027491629
0.0047953698
0.0053522464
0.0024923976
0.0041010677
0.0049222965
0.0040243394
0.0029971422
0.0037987046
0.0033676765
0.0024941221
0.0037396186
0.0042222347
0.0040817118
0.0029038399
0.0031172406
0.0032541559
0.0039463697
0.0030338375
0.0024813677
0.0020544808
0.0022321876
0.0018797801
0.0020423964
0.0013741650
0.0042831692
0.0049322485
0.0048513992
0.0044489966
0.0043269565
0.0023517497
0.0037779750
0.0041445576
0.0039461012
0.0026386162
0.0036908674
0.0048476691
0.0040941370
0.0038764128
0.0036675768
0.0054299491
0.0033812607
0.0029016293
0.0029472490
0.0041454280
0.0024933872
0.0049983770
0.0041331696
0.0056530693
0.0049652343
0.0035484567
0.0041599001
0.0033097691
0.0033010958
0.0045577279
0.0042957855
0.0021329800
0.0021647444
0.0023206624
0.0033619010
0.0056691256
0.0030162933
0.0031275812
0.0033663333
0.0015881773
0.0029304560
0.0047008991
0.0038950397
0.0034782733
0.0025387348
0.0029885227
0.0027148769
0.0036837678
0.0043666712
0.0027099250
0.0013162828
0.0016588788
0.0026750498
0.0046948799
0.0037006440
0.0049678417
0.0044137335
0.0040381617
0.0055116295
0.0042306197
0.0051953039
