0.0701365833
0.0478629928
0.0202327453
0.0252068717
0.0170385271
0.0155246532
0.0139649708
0.0158449390
0.0156218085
0.0083764345
0.0161249005
0.0053955854
0.0033519889
0.0036195931
0.0044118298
0.0050655680
0.0040857225
0.0030075924
0.0047635207
0.0044409350
0.0030455036
0.0029325768
0.0031411753
0.0028410153
0.0041323491
0.0042128306
0.0028963864
0.0021974260
0.0021411240
0.0029429961
0.0028138019
0.0023945037
0.0025659832
0.0020711444
0.0018230997
0.0017841785
0.0021924053
0.0034798313
0.0032908647
0.0020587023
0.0017493700
0.0021190788
0.0022659463
0.0018310209
0.0016466745
0.0016238014
0.0017787886
0.0020047788
0.0026358798
0.0053380252
0.0042600268
0.0027416630
0.0034564532
0.0033350448
0.0066602718
0.0093230509
0.0089767792
0.0080109357
0.0094208215
0.0100369151
0.0106220703
0.0067131181
0.0045347477
0.0068381460
0.0079601539
0.0058687372
0.0031489540
0.0014700481
0.0014446381
0.0014200916
0.0013963655
0.0013734192
0.0069874900
0.0061659641
0.0059181725
0.0045487065
0.0030144412
0.0027294765
0.0026281282
0.0026319986
0.0017293203
0.0012585123
0.0016364580
0.0014707129
0.0015597893
0.0020453403
0.0035321899
0.0069944110
0.0092158507
0.0072321457
0.0073388842
0.0074326712
0.0051018758
0.0017469473
0.0025500739
0.0024920047
0.0016765662
0.0018653866
0.0018246588
0.0022741877
0.0038448318
0.0032164707
0.0018662233
0.0015375898
0.0019146374
0.0013239763
0.0009543502
0.0059600089
0.0057730155
0.0061610631
0.0071911095
0.0068502245
0.0079095580
0.0059602919
0.0051230364
0.0050358330
0.0023908255
0.0011808240
0.0014026158
0.0016239333
0.0013890100
0.0011464573
0.0013377343
0.0015438135
0.0013406260
0.0011141000
0.0026392409
0.0043709351
0.0042775496
0.0028229833
0.0026248506
0.0034804111
0.0032514375
0.0027596557
0.0018418428
0.0011476963
0.0009937041
0.0010401050
0.0010158163
0.0009611338
0.0009167007
0.0011447966
0.0011855763
0.0010133634
0.0020011380
0.0025392615
0.0020142380
0.0016694495
0.0011626442
0.0026556961
0.0032229657
0.0011341797
0.0009913068
0.0041353673
0.0061644323
0.0055780777
0.0068266834
0.0085993057
0.0066145720
0.0068773672
0.0052248924
0.0059700870
0.0045419817
0.0041095116
0.0046159814
0.0037166763
0.0013631928
0.0013620859
0.0013402437
0.0013190910
0.0012985957
0.0012787276
0.0012594583
0.0012407612
0.0024313757
0.0023196788
0.0015386974
0.0016282670
0.0014157371
0.0013030350
0.0018887378
0.0019392736
0.0013551864
0.0012631736
0.0012443668
0.0007729578
0.0009225215
0.0010772111
0.0009252828
0.0008283394
0.0009828136
0.0009015136
0.0008963255
0.0013454451
0.0011952539
0.0036753896
0.0054914333
0.0040369615
0.0019483367
0.0041596602
0.0050183572
0.0049929652
0.0077983255
0.0075252367
0.0030977823
0.0037546970
0.0028370934
0.0037401183
0.0027878228
0.0049497463
0.0076122760
0.0051162218
0.0046672311
0.0037546851
0.0051492368
0.0048545996
0.0017442811
0.0020532817
0.0015245731
0.0014969222
0.0014702446
0.0012059991
0.0014530419
0.0020152837
0.0017516346
0.0016257895
0.0020681754
0.0017998735
0.0015827188
0.0014298311
0.0011808666
0.0026264415
0.0046559903
0.0053944254
0.0035628478
0.0012381209
0.0007607510
0.0007274963
0.0007212189
0.0007150489
