0.0695720288
0.0474777263
0.0200698847
0.0250039725
0.0169013778
0.0153996897
0.0138525617
0.0157173973
0.0154960630
0.0083090095
0.0159951053
0.0053521544
0.0033250075
0.0035904576
0.0043763174
0.0050247934
0.0040528350
0.0029833832
0.0047251774
0.0044051884
0.0030209893
0.0029089714
0.0031158908
0.0028181469
0.0040990863
0.0041789200
0.0028730723
0.0021797382
0.0021238893
0.0029193069
0.0027911526
0.0023752295
0.0025453286
0.0020544731
0.0018084249
0.0017698170
0.0021747579
0.0034518209
0.0032643753
0.0020421311
0.0017352887
0.0021020216
0.0022477069
0.0018162824
0.0016334198
0.0016107308
0.0017644705
0.0019886416
0.0026146627
0.0052950576
0.0042257363
0.0027195944
0.0034286309
0.0033081999
0.0066066609
0.0092480063
0.0089045219
0.0079464528
0.0093449899
0.0099561244
0.0105365695
0.0066590818
0.0044982458
0.0067831033
0.0078960798
0.0058214976
0.0031236070
0.0014582151
0.0014330096
0.0014086608
0.0013851256
0.0013623641
0.0069312452
0.0061163320
0.0058705350
0.0045120924
0.0029901769
0.0027075059
0.0026069734
0.0026108127
0.0017154004
0.0012483821
0.0016232856
0.0014588746
0.0015472340
0.0020288767
0.0035037581
0.0069381105
0.0091416691
0.0071739316
0.0072798109
0.0073728430
0.0050608089
0.0017328855
0.0025295474
0.0024719456
0.0016630709
0.0018503714
0.0018099714
0.0022558820
0.0038138834
0.0031905801
0.0018512014
0.0015252132
0.0018992258
0.0013133192
0.0009466683
0.0059120347
0.0057265464
0.0061114705
0.0071332256
0.0067950846
0.0078458911
0.0059123154
0.0050817993
0.0049952978
0.0023715809
0.0011713191
0.0013913257
0.0016108617
0.0013778293
0.0011372290
0.0013269664
0.0015313868
0.0013298349
0.0011051322
0.0026179967
0.0043357518
0.0042431181
0.0028002601
0.0026037223
0.0034523961
0.0032252655
0.0027374423
0.0018270172
0.0011384581
0.0009857054
0.0010317328
0.0010076396
0.0009533973
0.0009093219
0.0011355817
0.0011760332
0.0010052065
0.0019850301
0.0025188221
0.0019980246
0.0016560115
0.0011532857
0.0026343194
0.0031970229
0.0011250503
0.0009833274
0.0041020803
0.0061148125
0.0055331777
0.0067717330
0.0085300868
0.0065613290
0.0068220088
0.0051828353
0.0059220316
0.0045054217
0.0040764327
0.0045788257
0.0036867594
0.0013522200
0.0013511220
0.0013294556
0.0013084732
0.0012881429
0.0012684347
0.0012493205
0.0012307739
0.0024118047
0.0023010069
0.0015263119
0.0016151605
0.0014043413
0.0012925464
0.0018735347
0.0019236637
0.0013442780
0.0012530059
0.0012343505
0.0007667360
0.0009150958
0.0010685402
0.0009178349
0.0008216718
0.0009749026
0.0008942569
0.0008891107
0.0013346151
0.0011856329
0.0036458051
0.0054472307
0.0040044666
0.0019326539
0.0041261776
0.0049779626
0.0049527750
0.0077355540
0.0074646633
0.0030728472
0.0037244741
0.0028142566
0.0037100127
0.0027653826
0.0049099040
0.0075510021
0.0050750395
0.0046296629
0.0037244623
0.0051077888
0.0048155232
0.0017302407
0.0020367541
0.0015123013
0.0014848730
0.0014584101
0.0011962915
0.0014413459
0.0019990619
0.0017375351
0.0016127029
0.0020515279
0.0017853857
0.0015699790
0.0014183218
0.0011713614
0.0026053003
0.0046185126
0.0053510038
0.0035341692
0.0012281548
0.0007546275
0.0007216404
0.0007154135
0.0007092932
0.0007032767
0.0008951222
0.0009322077
0.0007774666
0.0009782807
0.0009287755
0.0006745382
0.0006743260
0.0007246711
0.0007606945
