0.0690330621
0.0471099217
0.0199144055
0.0248102695
0.0167704448
0.0152803900
0.0137452475
0.0155956364
0.0153760167
0.0082446406
0.0158711930
0.0053106918
0.0032992491
0.0035626428
0.0043424146
0.0049858669
0.0040214382
0.0029602713
0.0046885719
0.0043710619
0.0029975860
0.0028864359
0.0030917524
0.0027963151
0.0040673311
0.0041465463
0.0028508149
0.0021628520
0.0021074358
0.0028966913
0.0027695299
0.0023568288
0.0025256103
0.0020385573
0.0017944153
0.0017561064
0.0021579103
0.0034250800
0.0032390866
0.0020263109
0.0017218456
0.0020857375
0.0022302941
0.0018022119
0.0016207659
0.0015982527
0.0017508014
0.0019732359
0.0025944072
0.0052540373
0.0041930000
0.0026985260
0.0034020697
0.0032825716
0.0065554798
0.0091763630
0.0088355395
0.0078848925
0.0092725953
0.0098789954
0.0104549439
0.0066074947
0.0044633984
0.0067305554
0.0078349098
0.0057763991
0.0030994087
0.0014469185
0.0014219083
0.0013977481
0.0013743952
0.0013518100
0.0068775496
0.0060689495
0.0058250566
0.0044771377
0.0029670124
0.0026865312
0.0025867775
0.0025905870
0.0017021113
0.0012387110
0.0016107102
0.0014475728
0.0015352478
0.0020131592
0.0034766149
0.0068843617
0.0090708496
0.0071183559
0.0072234150
0.0073157264
0.0050216034
0.0017194610
0.0025099513
0.0024527957
0.0016501873
0.0018360368
0.0017959498
0.0022384059
0.0037843377
0.0031658631
0.0018368603
0.0015133975
0.0018845127
0.0013031450
0.0009393346
0.0058662348
0.0056821835
0.0060641256
0.0070779653
0.0067424438
0.0077851099
0.0058665133
0.0050424311
0.0049565998
0.0023532085
0.0011622451
0.0013805472
0.0015983826
0.0013671554
0.0011284191
0.0013166865
0.0015195233
0.0013195328
0.0010965708
0.0025977154
0.0043021632
0.0042102471
0.0027785668
0.0025835515
0.0034256507
0.0032002797
0.0027162356
0.0018128635
0.0011296386
0.0009780693
0.0010237401
0.0009998335
0.0009460114
0.0009022775
0.0011267845
0.0011669226
0.0009974193
0.0019696523
0.0024993090
0.0019825462
0.0016431826
0.0011443513
0.0026139116
0.0031722559
0.0011163347
0.0009757097
0.0040703019
0.0060674418
0.0054903128
0.0067192731
0.0084640052
0.0065104991
0.0067691594
0.0051426845
0.0058761543
0.0044705187
0.0040448530
0.0045433541
0.0036581985
0.0013417445
0.0013406550
0.0013191565
0.0012983366
0.0012781638
0.0012586082
0.0012396421
0.0012212392
0.0023931207
0.0022831813
0.0015144877
0.0016026480
0.0013934621
0.0012825332
0.0018590206
0.0019087613
0.0013338640
0.0012432990
0.0012247881
0.0007607962
0.0009080066
0.0010602624
0.0009107245
0.0008153064
0.0009673502
0.0008873292
0.0008822228
0.0013242760
0.0011764479
0.0036175615
0.0054050316
0.0039734444
0.0019176818
0.0040942126
0.0049393989
0.0049144064
0.0076756275
0.0074068354
0.0030490422
0.0036956210
0.0027924549
0.0036812717
0.0027439595
0.0048718675
0.0074925053
0.0050357237
0.0045937974
0.0036956093
0.0050682193
0.0047782179
0.0017168367
0.0020209756
0.0015005857
0.0014733698
0.0014471120
0.0011870240
0.0014301799
0.0019835754
0.0017240746
0.0016002095
0.0020356349
0.0017715545
0.0015578165
0.0014073343
0.0011622870
0.0025851173
0.0045827335
0.0053095501
0.0035067904
0.0012186404
0.0007487814
0.0007160499
0.0007098713
0.0007037984
0.0006978285
0.0008881878
0.0009249860
0.0007714436
0.0009707021
0.0009215804
0.0006693126
0.0006691021
0.0007190571
0.0007548015
0.0006983815
0.0006581080
0.0007352183
0.0007449168
0.0006622048
0.0006476689
0.0007012752
0.0007415582
0.0010978322
0.0010597239
