0.0675098634
0.0460704521
0.0194749987
0.0242628366
0.0164004087
0.0149432317
0.0134419617
0.0152515223
0.0150367485
0.0080627245
0.0155209988
0.0051935126
0.0032264519
0.0034840339
0.0042466002
0.0048758549
0.0039327061
0.0028949536
0.0045851197
0.0042746154
0.0029314450
0.0028227474
0.0030235336
0.0027346150
0.0039775864
0.0040550538
0.0027879124
0.0021151291
0.0020609357
0.0028327765
0.0027084208
0.0023048259
0.0024698832
0.0019935770
0.0017548219
0.0017173583
0.0021102965
0.0033495064
0.0031676169
0.0019816008
0.0016838535
0.0020397162
0.0021810832
0.0017624465
0.0015850041
0.0015629876
0.0017121703
0.0019296969
0.0025371622
0.0051381082
0.0041004824
0.0026389836
0.0033270038
0.0032101424
0.0064108347
0.0089738887
0.0086405854
0.0077109142
0.0090679976
0.0096610177
0.0102242579
0.0064617018
0.0043649146
0.0065820472
0.0076620343
0.0056489442
0.0030310210
0.0014149926
0.0013905342
0.0013669071
0.0013440695
0.0013219826
0.0067257981
0.0059350395
0.0056965280
0.0043783507
0.0029015459
0.0026272535
0.0025297008
0.0025334263
0.0016645547
0.0012113791
0.0015751702
0.0014156325
0.0015013729
0.0019687393
0.0033999042
0.0067324598
0.0088707034
0.0069612911
0.0070640320
0.0071543066
0.0049108029
0.0016815215
0.0024545698
0.0023986754
0.0016137763
0.0017955251
0.0017563226
0.0021890160
0.0037008371
0.0030960090
0.0017963304
0.0014800048
0.0018429313
0.0012743914
0.0009186084
0.0057367977
0.0055568074
0.0059303221
0.0069217917
0.0065936734
0.0076133332
0.0057370701
0.0049311711
0.0048472335
0.0023012855
0.0011366004
0.0013500858
0.0015631146
0.0013369895
0.0011035208
0.0012876341
0.0014859954
0.0012904176
0.0010723752
0.0025403974
0.0042072370
0.0041173490
0.0027172583
0.0025265461
0.0033500645
0.0031296663
0.0026563025
0.0017728630
0.0011047134
0.0009564884
0.0010011515
0.0009777724
0.0009251379
0.0008823689
0.0011019223
0.0011411747
0.0009754114
0.0019261924
0.0024441624
0.0019388017
0.0016069262
0.0011191014
0.0025562363
0.0031022608
0.0010917030
0.0009541809
0.0039804916
0.0059335651
0.0053691703
0.0065710139
0.0082772488
0.0063668464
0.0066197995
0.0050292123
0.0057464983
0.0043718777
0.0039556043
0.0044431060
0.0035774812
0.0013121392
0.0013110738
0.0012900496
0.0012696891
0.0012499614
0.0012308373
0.0012122897
0.0011942928
0.0023403171
0.0022328034
0.0014810709
0.0015672860
0.0013627156
0.0012542344
0.0018180018
0.0018666449
0.0013044326
0.0012158659
0.0011977634
0.0007440094
0.0008879717
0.0010368679
0.0008906296
0.0007973169
0.0009460058
0.0008677505
0.0008627568
0.0012950562
0.0011504899
0.0035377408
0.0052857709
0.0038857713
0.0018753686
0.0040038747
0.0048304122
0.0048059711
0.0075062665
0.0072434053
0.0029817658
0.0036140780
0.0027308400
0.0036000453
0.0026834146
0.0047643709
0.0073271849
0.0049246116
0.0044924364
0.0036140666
0.0049563902
0.0046727876
0.0016789551
0.0019763833
0.0014674756
0.0014408603
0.0014151818
0.0011608326
0.0013986233
0.0019398083
0.0016860333
0.0015649013
0.0019907191
0.0017324656
0.0015234436
0.0013762818
0.0011366414
0.0025280773
0.0044816165
0.0051923961
0.0034294139
0.0011917514
0.0007322597
0.0007002504
0.0006942082
0.0006882692
0.0006824311
0.0008685901
0.0009045764
0.0007544219
0.0009492838
0.0009012459
0.0006545444
0.0006543385
0.0007031913
0.0007381470
0.0006829718
0.0006435870
0.0007189959
0.0007284804
0.0006475934
0.0006333782
0.0006858017
0.0007251959
0.0010736088
0.0010363414
0.0006337579
0.0006235707
0.0006748742
0.0009709211
0.0012555395
0.0011163379
0.0039256342
0.0033343236
0.0040606772
0.0054691338
