0.0659182958
0.0449843258
0.0190158691
0.0236908321
0.0160137636
0.0145909400
0.0131250630
0.0148919626
0.0146822521
0.0078726430
0.0151550861
0.0050710738
0.0031503872
0.0034018966
0.0041464852
0.0047609050
0.0038399912
0.0028267041
0.0044770240
0.0041738399
0.0028623352
0.0027562002
0.0029522528
0.0026701456
0.0038838135
0.0039594545
0.0027221864
0.0020652643
0.0020123485
0.0027659929
0.0026445689
0.0022504889
0.0024116549
0.0019465777
0.0017134514
0.0016768710
0.0020605455
0.0032705406
0.0030929393
0.0019348839
0.0016441561
0.0019916292
0.0021296634
0.0017208962
0.0015476371
0.0015261396
0.0016718054
0.0018842036
0.0024773477
0.0050169756
0.0040038122
0.0025767687
0.0032485686
0.0031344622
0.0062596971
0.0087623263
0.0084368807
0.0075291268
0.0088542166
0.0094332559
0.0099832176
0.0063093650
0.0042620103
0.0064268733
0.0074813993
0.0055157684
0.0029595637
0.0013816336
0.0013577519
0.0013346818
0.0013123826
0.0012908164
0.0065672351
0.0057951190
0.0055622305
0.0042751296
0.0028331410
0.0025653151
0.0024700623
0.0024736999
0.0016253122
0.0011828204
0.0015380351
0.0013822585
0.0014659775
0.0019223256
0.0033197503
0.0065737398
0.0086615736
0.0067971763
0.0068974951
0.0069856414
0.0047950291
0.0016418791
0.0023967025
0.0023421258
0.0015757309
0.0017531950
0.0017149167
0.0021374092
0.0036135886
0.0030230196
0.0017539813
0.0014451132
0.0017994836
0.0012443472
0.0008969519
0.0056015508
0.0054258038
0.0057905127
0.0067586081
0.0064382253
0.0074338463
0.0056018167
0.0048149171
0.0047329584
0.0022470319
0.0011098047
0.0013182570
0.0015262637
0.0013054695
0.0010775049
0.0012572777
0.0014509625
0.0012599956
0.0010470936
0.0024805067
0.0041080500
0.0040202811
0.0026531981
0.0024669819
0.0032710857
0.0030558834
0.0025936793
0.0017310672
0.0010786694
0.0009339389
0.0009775491
0.0009547211
0.0009033274
0.0008615668
0.0010759441
0.0011142711
0.0009524158
0.0018807818
0.0023865404
0.0018930938
0.0015690423
0.0010927182
0.0024959721
0.0030291240
0.0010659657
0.0009316857
0.0038866502
0.0057936793
0.0052425904
0.0064161001
0.0080821099
0.0062167459
0.0064637355
0.0049106470
0.0056110227
0.0042688093
0.0038623496
0.0043383583
0.0034931409
0.0012812051
0.0012801648
0.0012596362
0.0012397558
0.0012204931
0.0012018199
0.0011837096
0.0011661370
0.0022851433
0.0021801643
0.0014461541
0.0015303367
0.0013305892
0.0012246654
0.0017751418
0.0018226382
0.0012736802
0.0011872014
0.0011695258
0.0007264691
0.0008670375
0.0010124234
0.0008696327
0.0007785198
0.0009237034
0.0008472930
0.0008424170
0.0012645248
0.0011233667
0.0034543374
0.0051611571
0.0037941629
0.0018311562
0.0039094820
0.0047165336
0.0046926688
0.0073293038
0.0070726396
0.0029114696
0.0035288749
0.0026664595
0.0035151730
0.0026201522
0.0046520493
0.0071544441
0.0048085122
0.0043865257
0.0035288637
0.0048395417
0.0045626250
0.0016393732
0.0019297894
0.0014328794
0.0014068915
0.0013818184
0.0011334656
0.0013656503
0.0018940767
0.0016462845
0.0015280082
0.0019437873
0.0016916221
0.0014875280
0.0013438354
0.0011098447
0.0024684770
0.0043759609
0.0050699837
0.0033485643
0.0011636555
0.0007149965
0.0006837418
0.0006778420
0.0006720431
0.0006663426
0.0008481128
0.0008832507
0.0007366362
0.0009269041
0.0008799987
0.0006391133
0.0006389122
0.0006866133
0.0007207449
0.0006668706
0.0006284142
0.0007020453
0.0007113062
0.0006323262
0.0006184461
0.0006696337
0.0007080992
0.0010482981
0.0010119093
0.0006188169
0.0006088698
0.0006589638
0.0009480313
0.0012259397
0.0010900198
0.0038330861
0.0032557158
0.0039649454
0.0053401971
0.0039828816
0.0034184341
0.0020756777
0.0014210873
0.0013937102
0.0013672910
0.0012563754
0.0042915366
0.0031781415
0.0011901996
