0.0206746460
0.0111425945
0.0068733380
0.0071517201
0.0047718353
0.0060950015
0.0045511538
0.0060516525
0.0049175514
0.0054367393
0.0047701548
0.0053780461
0.0020184238
0.0033387970
0.0045274964
0.0043157036
0.0041196417
0.0030176904
0.0043151935
0.0045474512
0.0031474070
0.0038070973
0.0049915968
0.0047105938
0.0047376589
0.0041328166
0.0041506011
0.0031982087
0.0033278309
0.0045920986
0.0045700845
0.0047325111
0.0022853775
0.0057255990
0.0014099660
0.0036218849
0.0038227056
0.0041618658
0.0042469993
0.0045332124
0.0045189470
0.0045102606
0.0048552004
0.0024469754
0.0035867706
0.0036380500
0.0031355156
0.0037333089
0.0036582011
0.0034707578
0.0034203436
0.0031493548
0.0041322383
0.0034913024
0.0036478266
0.0025646191
0.0030665221
0.0035034091
0.0015431027
0.0032934213
0.0037517888
0.0046244423
0.0047604995
0.0038666600
0.0041718345
0.0044360179
0.0041434188
0.0025556795
0.0023455583
0.0037178222
0.0026462434
0.0022328934
0.0043437417
0.0027202278
0.0032515419
0.0044784945
0.0045053225
0.0039341348
0.0039463873
0.0048900558
0.0040127094
0.0042312223
0.0039721086
0.0028767480
0.0037091206
0.0032765361
0.0034446670
0.0022704593
0.0023403062
0.0024292805
0.0016743525
0.0020343589
0.0021461630
0.0029589598
0.0020404785
0.0015560259
0.0029902351
0.0039595524
0.0035807472
0.0032364252
0.0032743710
0.0027396831
0.0032013665
0.0026934186
0.0032510342
0.0022425802
0.0030549372
0.0037265388
0.0044450576
0.0022083443
0.0032008890
0.0041184701
0.0048102811
0.0047534790
0.0042856679
0.0037648478
0.0035862497
0.0036934962
0.0031846968
0.0044982188
0.0036955241
0.0051041037
0.0043186420
0.0038147300
0.0034084703
0.0039202906
0.0027815040
0.0045970289
0.0048364852
0.0037348071
0.0032727584
0.0042197873
0.0039235195
0.0023358432
0.0048597922
0.0046314481
0.0039661200
0.0041704420
0.0044282966
0.0021778002
0.0024040135
0.0028137117
0.0038471658
0.0039383617
0.0022401222
0.0039074492
0.0043612134
0.0020309001
0.0033417056
0.0040108739
0.0032791844
0.0024421851
0.0030953286
0.0027441105
0.0020323053
0.0030471831
0.0034404370
0.0033259336
0.0023661589
0.0025400459
0.0026516096
0.0032156517
0.0024720859
0.0020219126
0.0016740689
0.0018188711
0.0015317162
0.0016642221
0.0011197217
0.0034900887
0.0040189831
0.0039531041
0.0036252112
0.0035257683
0.0019162949
0.0030784373
0.0033771427
0.0032154329
0.0021500446
0.0030074588
0.0039500647
0.0033360581
0.0031586482
0.0029884807
0.0044245285
0.0027551795
0.0023643576
0.0024015303
0.0033778520
0.0020317065
0.0040728671
0.0033678634
0.0046063353
0.0040458613
0.0028914171
0.0033896444
0.0026969254
0.0026898581
0.0037138096
0.0035003690
0.0017380330
0.0017639159
0.0018909638
0.0027394044
0.0046194186
0.0024577902
0.0025484718
0.0027430160
0.0012941071
0.0023878467
0.0038304709
0.0031738261
0.0028342290
0.0020686574
0.0024351617
0.0022121847
0.0030016737
0.0035581293
0.0022081497
0.0010725572
0.0013517174
0.0021797320
0.0038255663
0.0030154251
0.0040479858
0.0035964775
0.0032904473
0.0044910848
0.0034472694
0.0042333307
0.0038929273
0.0034750245
0.0034547842
0.0044060745
0.0026307273
0.0019312909
0.0013515942
0.0009581839
0.0015993212
0.0019752036
0.0032668246
0.0038614739
0.0043200637
0.0035063391
0.0040247366
0.0029678255
0.0032458172
0.0028192968
0.0029768856
0.0046640339
0.0033164014
0.0044979833
0.0023620576
0.0043798017
0.0012864838
0.0028900714
0.0044673802
0.0023943735
0.0038517781
0.0029580725
0.0029844000
0.0036863541
0.0034672686
0.0024896701
0.0026893595
0.0028837493
0.0013300525
0.0015123944
0.0026327354
0.0031060789
0.0043390415
0.0028230375
0.0027653423
0.0036659371
0.0028940062
0.0042905430
0.0034191714
0.0040598561
0.0030339774
0.0022613893
0.0024528710
0.0020037775
0.0037245948
0.0035864862
0.0035941897
0.0031058943
0.0037120756
0.0034564916
0.0023633426
0.0030951471
