0.0642654718
0.0438563966
0.0185390685
0.0230968123
0.0156122373
0.0142250893
0.0127959674
0.0145185641
0.0143141118
0.0076752458
0.0147750901
0.0049439226
0.0030713950
0.0033165980
0.0040425169
0.0046415309
0.0037437079
0.0027558278
0.0043647678
0.0040691858
0.0027905655
0.0026870917
0.0028782285
0.0026031948
0.0037864314
0.0038601758
0.0026539308
0.0020134802
0.0019618912
0.0026966388
0.0025782594
0.0021940605
0.0023511855
0.0018977696
0.0016704886
0.0016348255
0.0020088798
0.0031885357
0.0030153874
0.0018863690
0.0016029308
0.0019416914
0.0020762646
0.0016777467
0.0015088319
0.0014878735
0.0016298868
0.0018369594
0.0024152311
0.0048911808
0.0039034213
0.0025121593
0.0031671145
0.0030558693
0.0061027425
0.0085426212
0.0082253358
0.0073403428
0.0086322075
0.0091967281
0.0097329001
0.0061511651
0.0041551454
0.0062657270
0.0072938119
0.0053774670
0.0028853561
0.0013469908
0.0013237079
0.0013012162
0.0012794762
0.0012584507
0.0064025694
0.0056498131
0.0054227641
0.0041679357
0.0027621033
0.0025009928
0.0024081284
0.0024116748
0.0015845594
0.0011531626
0.0014994706
0.0013476000
0.0014292199
0.0018741255
0.0032365114
0.0064089110
0.0084443948
0.0066267451
0.0067245485
0.0068104846
0.0046747993
0.0016007109
0.0023366080
0.0022833997
0.0015362213
0.0017092357
0.0016719171
0.0020838162
0.0035229822
0.0029472209
0.0017100023
0.0014088786
0.0017543637
0.0012131467
0.0008744619
0.0054610984
0.0052897582
0.0056453224
0.0065891439
0.0062767944
0.0072474513
0.0054613577
0.0046941887
0.0046142850
0.0021906902
0.0010819776
0.0012852033
0.0014879944
0.0012727364
0.0010504877
0.0012257530
0.0014145813
0.0012284026
0.0010208390
0.0024183109
0.0040050454
0.0039194773
0.0025866722
0.0024051252
0.0031890670
0.0029792607
0.0025286458
0.0016876627
0.0010516230
0.0009105215
0.0009530382
0.0009307826
0.0008806776
0.0008399640
0.0010489661
0.0010863321
0.0009285351
0.0018336234
0.0023267007
0.0018456267
0.0015297004
0.0010653196
0.0024333886
0.0029531723
0.0010392379
0.0009083248
0.0037891970
0.0056484096
0.0051111385
0.0062552239
0.0078794605
0.0060608683
0.0063016649
0.0047875182
0.0054703329
0.0041617739
0.0037655057
0.0042295790
0.0034055545
0.0012490804
0.0012480661
0.0012280523
0.0012086703
0.0011898907
0.0011716857
0.0011540295
0.0011368975
0.0022278460
0.0021254992
0.0014098935
0.0014919653
0.0012972262
0.0011939583
0.0017306322
0.0017769377
0.0012417442
0.0011574337
0.0011402013
0.0007082537
0.0008452975
0.0009870381
0.0008478277
0.0007589994
0.0009005426
0.0008260481
0.0008212944
0.0012328183
0.0010951996
0.0033677239
0.0050317471
0.0036990287
0.0017852421
0.0038114564
0.0045982721
0.0045750056
0.0071455301
0.0068953014
0.0028384680
0.0034403925
0.0025996012
0.0034270342
0.0025544550
0.0045354046
0.0069750548
0.0046879444
0.0042765387
0.0034403816
0.0047181958
0.0044482226
0.0015982678
0.0018814022
0.0013969516
0.0013716154
0.0013471709
0.0011050453
0.0013314082
0.0018465849
0.0016050058
0.0014896952
0.0018950491
0.0016492067
0.0014502299
0.0013101404
0.0010820166
0.0024065829
0.0042662388
0.0049428598
0.0032646030
0.0011344782
0.0006970688
0.0006665978
0.0006608459
0.0006551924
0.0006496348
0.0008268474
0.0008611042
0.0007181659
0.0009036631
0.0008579338
0.0006230883
0.0006228923
0.0006693973
0.0007026731
0.0006501496
0.0006126575
0.0006844424
0.0006934711
0.0006164713
0.0006029393
0.0006528434
0.0006903444
0.0010220132
0.0009865368
0.0006033007
0.0005936031
0.0006424411
0.0009242606
0.0011952007
0.0010626889
0.0037369759
0.0031740826
0.0038655290
0.0052062979
0.0038830155
0.0033327209
0.0020236325
0.0013854553
0.0013587645
0.0013330078
0.0012248732
0.0041839314
0.0030984534
0.0011603568
0.0008478254
0.0006197677
0.0005456492
0.0005417711
0.0005370017
0.0007528570
0.0010466969
0.0009261651
0.0006631336
0.0008156680
0.0008416121
0.0007187494
0.0005677968
0.0014929439
0.0036188361
0.0032199022
0.0023239004
0.0024246818
0.0015780229
0.0009908459
