0.0192804044
0.0103911684
0.0064098189
0.0066694277
0.0044500358
0.0056839712
0.0042442364
0.0056435456
0.0045859252
0.0050701005
0.0044484686
0.0050153654
0.0018823068
0.0031136377
0.0042221744
0.0040246643
0.0038418244
0.0028141856
0.0040241887
0.0042407835
0.0029351545
0.0035503571
0.0046549771
0.0043929242
0.0044181641
0.0038541108
0.0038706959
0.0029825302
0.0031034111
0.0042824200
0.0042618905
0.0044133635
0.0021312579
0.0053394802
0.0013148817
0.0033776348
0.0035649128
0.0038812010
0.0039605932
0.0042275049
0.0042142016
0.0042061009
0.0045277790
0.0022819580
0.0033448886
0.0033927099
0.0029240650
0.0034815448
0.0034115020
0.0032366994
0.0031896850
0.0029369709
0.0038535714
0.0032558585
0.0034018271
0.0023916682
0.0028597242
0.0032671488
0.0014390401
0.0030713219
0.0034987785
0.0043125825
0.0044394645
0.0036059030
0.0038904974
0.0041368649
0.0038639980
0.0023833314
0.0021873803
0.0034671024
0.0024677880
0.0020823132
0.0040508116
0.0025367831
0.0030322668
0.0041764770
0.0042014959
0.0036688275
0.0036802537
0.0045602838
0.0037421033
0.0039458802
0.0037042405
0.0026827480
0.0034589876
0.0030555754
0.0032123680
0.0021173457
0.0021824824
0.0022654565
0.0015614387
0.0018971673
0.0020014316
0.0027594156
0.0019028742
0.0014510918
0.0027885818
0.0036925310
0.0033392713
0.0030181695
0.0030535563
0.0025549264
0.0029854751
0.0025117818
0.0030317934
0.0020913467
0.0028489206
0.0034752312
0.0041452950
0.0020594196
0.0029850298
0.0038407317
0.0044858889
0.0044329174
0.0039966541
0.0035109567
0.0033444028
0.0034444169
0.0029699296
0.0041948712
0.0034463080
0.0047598969
0.0040274046
0.0035574750
0.0031786124
0.0036559169
0.0025939270
0.0042870178
0.0045103258
0.0034829419
0.0030520525
0.0039352164
0.0036589281
0.0021783203
0.0045320611
0.0043191159
0.0036986557
0.0038891988
0.0041296644
0.0020309353
0.0022418934
0.0026239627
0.0035877235
0.0036727694
0.0020890545
0.0036439415
0.0040671051
0.0018939418
0.0031163501
0.0037403915
0.0030580452
0.0022774909
0.0028865881
0.0025590552
0.0018952522
0.0028416894
0.0032084233
0.0031016418
0.0022065916
0.0023687521
0.0024727923
0.0029987969
0.0023053751
0.0018855603
0.0015611743
0.0016962114
0.0014284214
0.0015519915
0.0010442108
0.0032547267
0.0037479539
0.0036865176
0.0033807369
0.0032880001
0.0017870652
0.0028708359
0.0031493975
0.0029985929
0.0020050515
0.0028046440
0.0036836831
0.0031110835
0.0029456376
0.0027869457
0.0041261504
0.0025693777
0.0022049118
0.0022395776
0.0031500589
0.0018946938
0.0037982041
0.0031407439
0.0042956966
0.0037730194
0.0026964278
0.0031610560
0.0025150521
0.0025084614
0.0034633604
0.0032643136
0.0016208248
0.0016449622
0.0017634423
0.0025546665
0.0043078976
0.0022920435
0.0023766099
0.0025580345
0.0012068360
0.0022268168
0.0035721544
0.0029597919
0.0026430964
0.0019291528
0.0022709410
0.0020630010
0.0027992490
0.0033181788
0.0020592381
0.0010002269
0.0012605612
0.0020327368
0.0035675805
0.0028120731
0.0037750007
0.0033539409
0.0030685485
0.0041882183
0.0032147950
0.0039478464
0.0036303989
0.0032406784
0.0032218030
0.0041089409
0.0024533182
0.0018010499
0.0012604464
0.0008935666
0.0014914674
0.0018420013
0.0030465189
0.0036010666
0.0040287304
0.0032698812
0.0037533193
0.0027676835
0.0030269281
0.0026291711
0.0027761326
0.0043495042
0.0030927523
0.0041946516
0.0022027669
0.0040844399
0.0011997268
0.0026951729
0.0041661123
0.0022329035
0.0035920247
0.0027585882
0.0027831402
0.0034377564
0.0032334455
0.0023217735
0.0025079965
0.0026892772
0.0012403574
0.0014104027
0.0024551910
0.0028966134
0.0040464284
0.0026326596
0.0025788552
0.0034187163
0.0026988423
0.0040012005
0.0031885918
0.0037860705
0.0028293743
0.0021088874
0.0022874561
0.0018686482
0.0034734183
0.0033446234
0.0033518073
0.0028964413
0.0034617433
0.0032233952
0.0022039652
0.0028864188
0.0030927428
0.0041243313
0.0041554341
0.0031561830
0.0042726598
0.0021141880
0.0020099842
0.0021256969
0.0032948052
0.0039773975
0.0036907663
0.0040430989
0.0023197280
0.0035850098
0.0032947483
0.0038628772
0.0028860092
0.0030852693
0.0036937581
0.0046525800
