0.0623738678
0.0425655177
0.0179933855
0.0224169756
0.0151527032
0.0138063849
0.0124193281
0.0140912214
0.0138927871
0.0074493309
0.0143401968
0.0047984021
0.0029809908
0.0032189766
0.0039235286
0.0045049110
0.0036335148
0.0026747121
0.0042362943
0.0039494125
0.0027084274
0.0026079992
0.0027935101
0.0025265718
0.0036749808
0.0037465546
0.0025758144
0.0019542150
0.0019041445
0.0026172654
0.0025023704
0.0021294801
0.0022819802
0.0018419102
0.0016213191
0.0015867056
0.0019497499
0.0030946836
0.0029266319
0.0018308452
0.0015557498
0.0018845392
0.0020151514
0.0016283636
0.0014644206
0.0014440791
0.0015819123
0.0017828900
0.0023441407
0.0047472127
0.0037885271
0.0024382158
0.0030738930
0.0029659221
0.0059231131
0.0082911758
0.0079832295
0.0071242855
0.0083781252
0.0089260296
0.0094464198
0.0059701104
0.0040328419
0.0060813002
0.0070791243
0.0052191855
0.0028004279
0.0013073432
0.0012847455
0.0012629159
0.0012418158
0.0012214092
0.0062141148
0.0054835153
0.0052631493
0.0040452558
0.0026808030
0.0024273781
0.0023372470
0.0023406891
0.0015379191
0.0011192202
0.0014553349
0.0013079344
0.0013871519
0.0018189621
0.0031412472
0.0062202697
0.0081958406
0.0064316920
0.0065266166
0.0066100233
0.0045372003
0.0015535952
0.0022678317
0.0022161896
0.0014910039
0.0016589257
0.0016227056
0.0020224807
0.0034192859
0.0028604717
0.0016596697
0.0013674094
0.0017027253
0.0011774387
0.0008487228
0.0053003553
0.0051340583
0.0054791567
0.0063951976
0.0060920418
0.0070341283
0.0053006069
0.0045560189
0.0044784671
0.0021262090
0.0010501304
0.0012473743
0.0014441964
0.0012352744
0.0010195674
0.0011896739
0.0013729442
0.0011922456
0.0009907914
0.0023471298
0.0038871601
0.0038041105
0.0025105355
0.0023343322
0.0030951993
0.0028915685
0.0024542171
0.0016379877
0.0010206693
0.0008837210
0.0009249862
0.0009033857
0.0008547555
0.0008152403
0.0010180906
0.0010543567
0.0009012044
0.0017796521
0.0022582161
0.0017913021
0.0014846749
0.0010339628
0.0023617637
0.0028662479
0.0010086487
0.0008815890
0.0036776650
0.0054821530
0.0049606962
0.0060711062
0.0076475347
0.0058824714
0.0061161803
0.0046466014
0.0053093179
0.0040392753
0.0036546710
0.0041050847
0.0033053146
0.0012123147
0.0012113303
0.0011919056
0.0011730941
0.0011548672
0.0011371981
0.0011200615
0.0011034338
0.0021622711
0.0020629368
0.0013683944
0.0014480505
0.0012590434
0.0011588151
0.0016796924
0.0017246349
0.0012051944
0.0011233656
0.0011066403
0.0006874069
0.0008204168
0.0009579854
0.0008228725
0.0007366588
0.0008740358
0.0008017340
0.0007971202
0.0011965313
0.0010629632
0.0032685976
0.0048836415
0.0035901507
0.0017326949
0.0036992691
0.0044629255
0.0044403439
0.0069352070
0.0066923436
0.0027549199
0.0033391272
0.0025230840
0.0033261621
0.0024792666
0.0044019085
0.0067697495
0.0045499585
0.0041506621
0.0033391167
0.0045793194
0.0043172926
0.0015512241
0.0018260246
0.0013558334
0.0013312429
0.0013075180
0.0010725191
0.0012922193
0.0017922321
0.0015577637
0.0014458472
0.0018392698
0.0016006636
0.0014075435
0.0012715774
0.0010501683
0.0023357470
0.0041406654
0.0047973705
0.0031685119
0.0011010857
0.0006765511
0.0006469770
0.0006413944
0.0006359073
0.0006305133
0.0008025098
0.0008357583
0.0006970272
0.0008770645
0.0008326812
0.0006047482
0.0006045579
0.0006496941
0.0006819905
0.0006310129
0.0005946244
0.0006642964
0.0006730593
0.0005983260
0.0005851923
0.0006336275
0.0006700247
0.0009919311
0.0009574989
0.0005855431
0.0005761308
0.0006235313
0.0008970557
0.0011600209
0.0010314095
0.0036269810
0.0030806559
0.0037517502
0.0050530546
0.0037687219
0.0032346248
0.0019640684
0.0013446755
0.0013187704
0.0012937717
0.0011888200
0.0040607806
0.0030072528
0.0011262026
0.0008228703
0.0006015254
0.0005295884
0.0005258245
0.0005211955
0.0007306973
0.0010158882
0.0008989041
0.0006436148
0.0007916595
0.0008168399
0.0006975936
0.0005510842
0.0014490003
0.0035123185
0.0031251269
0.0022554982
0.0023533132
0.0015315750
0.0009616811
0.0015669876
0.0026643974
0.0045719463
0.0037699063
0.0035129971
0.0020772153
0.0011157298
0.0008776122
0.0005933665
0.0008425507
0.0007506756
0.0005069384
0.0005818934
0.0005854816
0.0006585748
0.0007777860
0.0006986224
0.0008092265
0.0008762402
0.0015960719
