0.0181110323
0.0097609356
0.0060210582
0.0062649215
0.0041801375
0.0053392338
0.0039868201
0.0053012600
0.0043077852
0.0047625948
0.0041786654
0.0047111794
0.0017681434
0.0029247931
0.0039660961
0.0037805652
0.0036088146
0.0026435029
0.0037801184
0.0039835766
0.0027571350
0.0033350251
0.0043726490
0.0041264898
0.0041501989
0.0036203559
0.0036359351
0.0028016374
0.0029151867
0.0040226878
0.0040034034
0.0041456894
0.0020019954
0.0050156365
0.0012351331
0.0031727786
0.0033486980
0.0036458030
0.0037203801
0.0039711033
0.0039586069
0.0039509975
0.0042531655
0.0021435554
0.0031420184
0.0031869393
0.0027467181
0.0032703863
0.0032045916
0.0030403909
0.0029962280
0.0027588413
0.0036198492
0.0030583880
0.0031955035
0.0022466116
0.0026862796
0.0030689936
0.0013517612
0.0028850438
0.0032865747
0.0040510209
0.0041702074
0.0033872021
0.0036545356
0.0038859607
0.0036296434
0.0022387805
0.0020547139
0.0032568199
0.0023181146
0.0019560192
0.0038051266
0.0023829251
0.0028483574
0.0039231703
0.0039466718
0.0034463101
0.0034570434
0.0042836989
0.0035151417
0.0037065594
0.0034795753
0.0025200371
0.0032491972
0.0028702523
0.0030175353
0.0019889270
0.0020501130
0.0021280547
0.0014667362
0.0017821025
0.0018800432
0.0025920548
0.0017874633
0.0013630819
0.0026194520
0.0034685760
0.0031367418
0.0028351151
0.0028683557
0.0023999680
0.0028044037
0.0023594403
0.0028479126
0.0019645048
0.0026761313
0.0032644556
0.0038938796
0.0019345142
0.0028039854
0.0036077882
0.0042138161
0.0041640574
0.0037542538
0.0032980144
0.0031415621
0.0032355103
0.0027898010
0.0039404489
0.0032372867
0.0044712053
0.0037831393
0.0033417113
0.0029858270
0.0034341826
0.0024366032
0.0040270067
0.0042367709
0.0032716987
0.0028669431
0.0036965424
0.0034370112
0.0020462034
0.0042571879
0.0040571581
0.0034743292
0.0036533157
0.0038791969
0.0019077574
0.0021059207
0.0024648173
0.0033701251
0.0034500129
0.0019623516
0.0034229335
0.0038204319
0.0017790727
0.0029273409
0.0035135338
0.0028725723
0.0021393592
0.0027115142
0.0024038464
0.0017803036
0.0026693386
0.0030138299
0.0029135247
0.0020727600
0.0022250854
0.0023228155
0.0028169175
0.0021655523
0.0017711996
0.0014664878
0.0015933348
0.0013417865
0.0014578620
0.0009808785
0.0030573249
0.0035206375
0.0034629273
0.0031756925
0.0030885803
0.0016786782
0.0026967174
0.0029583840
0.0028167258
0.0018834435
0.0026345401
0.0034602648
0.0029223938
0.0027669823
0.0026179152
0.0038758961
0.0024135429
0.0020711821
0.0021037454
0.0029590052
0.0017797791
0.0035678400
0.0029502553
0.0040351592
0.0035441828
0.0025328873
0.0029693354
0.0023625122
0.0023563212
0.0032533048
0.0030663304
0.0015225205
0.0015451939
0.0016564881
0.0023997239
0.0040466201
0.0021530292
0.0022324665
0.0024028877
0.0011336404
0.0020917586
0.0033555004
0.0027802782
0.0024827904
0.0018121482
0.0021332066
0.0019378783
0.0026294723
0.0031169286
0.0019343437
0.0009395623
0.0011841072
0.0019094497
0.0033512039
0.0026415186
0.0035460439
0.0031505217
0.0028824386
0.0039341995
0.0030198151
0.0037084063
0.0034102123
0.0030441286
0.0030263981
0.0038597303
0.0023045225
0.0016918148
0.0011839993
0.0008393710
0.0014010087
0.0017302824
0.0028617451
0.0033826590
0.0037843847
0.0030715602
0.0035256775
0.0025998212
0.0028433425
0.0024697098
0.0026077579
0.0040857033
0.0029051744
0.0039402426
0.0020691673
0.0038367153
0.0011269624
0.0025317085
0.0039134342
0.0020974761
0.0033741655
0.0025912776
0.0026143405
0.0032292537
0.0030373344
0.0021809561
0.0023558845
0.0025261703
0.0011651287
0.0013248606
0.0023062816
0.0027209315
0.0038010092
0.0024729866
0.0024224456
0.0032113684
0.0025351553
0.0037585245
0.0029952012
0.0035564422
0.0026577704
0.0019809816
0.0021487200
0.0017553132
0.0032627527
0.0031417693
0.0031485175
0.0027207698
0.0032517858
0.0030278937
0.0020702930
0.0027113552
0.0029051655
0.0038741873
0.0039034037
0.0029647580
0.0040135196
0.0019859608
0.0018880770
0.0019967717
0.0030949726
0.0037361651
0.0034669184
0.0037978817
0.0021790346
0.0033675761
0.0030949192
0.0036285906
0.0027109704
0.0028981453
0.0034697287
0.0043703973
0.0033127246
0.0017274603
0.0030686230
0.0034134812
0.0025103459
0.0035735433
0.0027298719
0.0030138805
0.0029040738
0.0032740041
0.0033385208
0.0027678085
0.0030864119
0.0034189100
0.0042205835
0.0030528730
0.0015414464
0.0036249821
0.0037676672
0.0023035938
