0.0585453937
0.0399528694
0.0168889613
0.0210410339
0.0142226386
0.0129589565
0.0116570365
0.0132263099
0.0130400554
0.0069920950
0.0134600033
0.0045038788
0.0027980192
0.0030213975
0.0036827046
0.0042284020
0.0034104916
0.0025105398
0.0039762729
0.0037069997
0.0025421856
0.0024479217
0.0026220459
0.0023714922
0.0034494124
0.0035165931
0.0024177123
0.0018342663
0.0017872691
0.0024566190
0.0023487762
0.0019987737
0.0021419135
0.0017288548
0.0015218034
0.0014893145
0.0018300754
0.0029047336
0.0027469968
0.0017184689
0.0014602587
0.0017688672
0.0018914625
0.0015284155
0.0013745352
0.0013554423
0.0014848154
0.0016734571
0.0022002586
0.0044558314
0.0035559894
0.0022885595
0.0028852191
0.0027838755
0.0055595556
0.0077822679
0.0074932232
0.0066870007
0.0078638804
0.0083781548
0.0088666037
0.0056036682
0.0037853082
0.0057080333
0.0066446115
0.0048988347
0.0026285391
0.0012270992
0.0012058886
0.0011853988
0.0011655938
0.0011464398
0.0058326958
0.0051469401
0.0049401000
0.0037969602
0.0025162567
0.0022783869
0.0021937880
0.0021970188
0.0014435225
0.0010505230
0.0013660072
0.0012276541
0.0013020093
0.0017073152
0.0029484392
0.0058384730
0.0076927843
0.0060369182
0.0061260165
0.0062043037
0.0042587094
0.0014582364
0.0021286335
0.0020801611
0.0013994869
0.0015571017
0.0015231048
0.0018983419
0.0032094120
0.0026848975
0.0015578001
0.0012834786
0.0015982130
0.0011051681
0.0007966286
0.0049750224
0.0048189326
0.0051428491
0.0060026639
0.0057181156
0.0066023773
0.0049752586
0.0042763729
0.0042035812
0.0019957034
0.0009856740
0.0011708112
0.0013555524
0.0011594539
0.0009569869
0.0011166524
0.0012886737
0.0011190662
0.0009299772
0.0022030642
0.0036485683
0.0035706163
0.0023564402
0.0021910522
0.0029052177
0.0027140856
0.0023035786
0.0015374489
0.0009580212
0.0008294787
0.0008682111
0.0008479364
0.0008022911
0.0007652013
0.0009556007
0.0009896409
0.0008458889
0.0016704180
0.0021196080
0.0016813530
0.0013935464
0.0009704987
0.0022167999
0.0026903192
0.0009467384
0.0008274775
0.0034519319
0.0051456615
0.0046562113
0.0056984651
0.0071781332
0.0055214085
0.0057407725
0.0043613955
0.0049834349
0.0037913468
0.0034303492
0.0038531168
0.0031024362
0.0011379035
0.0011369795
0.0011187471
0.0011010902
0.0010839821
0.0010673975
0.0010513127
0.0010357056
0.0020295521
0.0019363149
0.0012844031
0.0013591699
0.0011817640
0.0010876876
0.0015765938
0.0016187777
0.0011312202
0.0010544140
0.0010387154
0.0006452142
0.0007700601
0.0008991848
0.0007723651
0.0006914431
0.0008203880
0.0007525240
0.0007481934
0.0011230888
0.0009977191
0.0030679729
0.0045838863
0.0033697892
0.0016263430
0.0034722100
0.0041889936
0.0041677980
0.0065095278
0.0062815712
0.0025858244
0.0031341734
0.0023682184
0.0031220041
0.0023270906
0.0041317217
0.0063542259
0.0042706845
0.0038958967
0.0031341635
0.0042982433
0.0040522995
0.0014560108
0.0017139442
0.0012726131
0.0012495320
0.0012272632
0.0010066885
0.0012129036
0.0016822259
0.0014621490
0.0013571018
0.0017263764
0.0015024157
0.0013211493
0.0011935287
0.0009857095
0.0021923801
0.0038865136
0.0045029106
0.0029740304
0.0010335016
0.0006350248
0.0006072659
0.0006020260
0.0005968757
0.0005918127
0.0007532522
0.0007844599
0.0006542441
0.0008232307
0.0007815717
0.0005676290
0.0005674505
0.0006098162
0.0006401303
0.0005922817
0.0005581266
0.0006235222
0.0006317473
0.0005616011
0.0005492735
0.0005947358
0.0006288989
0.0009310469
0.0008987281
0.0005496027
0.0005407682
0.0005852593
0.0008419949
0.0010888195
0.0009681021
0.0034043589
0.0028915669
0.0035214698
0.0047429009
0.0035373998
0.0030360853
0.0018435150
0.0012621400
0.0012378249
0.0012143607
0.0011158509
0.0038115321
0.0028226693
0.0010570769
0.0007723630
0.0005646041
0.0004970826
0.0004935497
0.0004892048
0.0006858475
0.0009535335
0.0008437299
0.0006041101
0.0007430679
0.0007667027
0.0006547757
0.0005172589
0.0013600614
0.0032967343
0.0029333083
0.0021170569
0.0022088681
0.0014375678
0.0009026537
0.0014708068
0.0025008581
0.0042913227
0.0035385115
0.0032973713
0.0019497169
0.0010472469
0.0008237448
0.0005569460
0.0007908354
0.0007045995
0.0004758228
0.0005461771
0.0005495451
0.0006181518
0.0007300459
0.0006557414
0.0007595567
0.0008224571
0.0014981059
0.0013259120
0.0007227238
0.0010573234
0.0042647807
0.0062014802
0.0063461682
0.0051196482
0.0049849568
0.0029946416
0.0016755051
0.0016239477
0.0017858292
0.0026339782
0.0020406170
0.0012668770
0.0029326756
0.0023446681
0.0031876561
0.0049728079
0.0038972589
