0.0170284947
0.0091775023
0.0056611658
0.0058904529
0.0039302812
0.0050200957
0.0037485188
0.0049843917
0.0040502990
0.0044779237
0.0039288970
0.0044295815
0.0016624574
0.0027499715
0.0037290335
0.0035545922
0.0033931076
0.0024854948
0.0035541721
0.0037454691
0.0025923348
0.0031356830
0.0041112858
0.0038798401
0.0039021321
0.0034039589
0.0034186070
0.0026341771
0.0027409394
0.0037822426
0.0037641109
0.0038978921
0.0018823315
0.0047158405
0.0011613064
0.0029831344
0.0031485387
0.0034278851
0.0034980045
0.0037337414
0.0037219919
0.0037148374
0.0039989442
0.0020154303
0.0029542128
0.0029964487
0.0025825405
0.0030749079
0.0030130459
0.0028586599
0.0028171367
0.0025939390
0.0034034826
0.0028755812
0.0030045010
0.0021123265
0.0025257146
0.0028855528
0.0012709633
0.0027125982
0.0030901287
0.0038088822
0.0039209446
0.0031847413
0.0034360957
0.0036536880
0.0034126913
0.0021049635
0.0019318990
0.0030621524
0.0021795557
0.0018391035
0.0035776855
0.0022404923
0.0026781046
0.0036886735
0.0037107702
0.0032403163
0.0032504080
0.0040276525
0.0033050337
0.0034850099
0.0032715932
0.0023694088
0.0030549853
0.0026986908
0.0028371704
0.0018700443
0.0019275731
0.0020008560
0.0013790660
0.0016755822
0.0017676687
0.0024371218
0.0016806226
0.0012816074
0.0024628814
0.0032612514
0.0029492517
0.0026656538
0.0026969076
0.0022565165
0.0026367781
0.0022184111
0.0026776864
0.0018470819
0.0025161728
0.0030693317
0.0036611335
0.0018188839
0.0026363848
0.0033921425
0.0039619467
0.0039151622
0.0035298536
0.0031008845
0.0029537837
0.0030421165
0.0026230482
0.0037049193
0.0030437867
0.0042039512
0.0035570124
0.0031419696
0.0028073573
0.0032289137
0.0022909619
0.0037863034
0.0039835295
0.0030761418
0.0026955794
0.0034755916
0.0032315732
0.0019238972
0.0040027261
0.0038146525
0.0032666607
0.0034349487
0.0036473285
0.0017937264
0.0019800451
0.0023174895
0.0031686851
0.0032437978
0.0018450574
0.0032183370
0.0035920760
0.0016727334
0.0027523671
0.0033035219
0.0027008721
0.0020114848
0.0025494409
0.0022601631
0.0016738908
0.0025097862
0.0028336864
0.0027393767
0.0019488665
0.0020920870
0.0021839755
0.0026485439
0.0020361123
0.0016653309
0.0013788325
0.0014980976
0.0012615849
0.0013707222
0.0009222492
0.0028745816
0.0033102010
0.0032559403
0.0029858741
0.0029039688
0.0015783398
0.0025355285
0.0027815546
0.0026483637
0.0017708658
0.0024770676
0.0032534369
0.0027477157
0.0026015935
0.0024614364
0.0036442249
0.0022692799
0.0019473829
0.0019779998
0.0027821388
0.0016733976
0.0033545821
0.0027739118
0.0037939685
0.0033323389
0.0023814909
0.0027918515
0.0022212994
0.0022154785
0.0030588474
0.0028830488
0.0014315160
0.0014528342
0.0015574761
0.0022562870
0.0038047445
0.0020243378
0.0020990269
0.0022592616
0.0010658802
0.0019667294
0.0031549345
0.0026140946
0.0023343884
0.0017038319
0.0020057000
0.0018220470
0.0024723028
0.0029306227
0.0018187235
0.0008834025
0.0011133304
0.0017953176
0.0031508948
0.0024836290
0.0033340888
0.0029622078
0.0027101487
0.0036990434
0.0028393139
0.0034867465
0.0032063762
0.0028621741
0.0028455034
0.0036290254
0.0021667759
0.0015906912
0.0011132290
0.0007891999
0.0013172672
0.0016268595
0.0026906921
0.0031804698
0.0035581834
0.0028879661
0.0033149397
0.0024444240
0.0026733895
0.0023220896
0.0024518863
0.0038414915
0.0027315255
0.0037047254
0.0019454885
0.0036073861
0.0010596013
0.0023803825
0.0036795194
0.0019721052
0.0031724840
0.0024363910
0.0024580755
0.0030362339
0.0028557860
0.0020505954
0.0022150679
0.0023751754
0.0010954863
0.0012456707
0.0021684299
0.0025582952
0.0035738143
0.0023251706
0.0022776505
0.0030194176
0.0023836233
0.0035338689
0.0028161712
0.0033438656
0.0024989095
0.0018625739
0.0020202862
0.0016503941
0.0030677306
0.0029539786
0.0029603235
0.0025581432
0.0030574192
0.0028469096
0.0019465468
0.0025492913
0.0027315171
0.0036426183
0.0036700884
0.0027875476
0.0037736224
0.0018672554
0.0017752224
0.0018774201
0.0029099790
0.0035128461
0.0032596928
0.0035708736
0.0020487888
0.0031662884
0.0029099288
0.0034117014
0.0025489295
0.0027249165
0.0032623351
0.0041091687
0.0031147155
0.0016242060
0.0028852045
0.0032094497
0.0023602969
0.0033599445
0.0025667012
0.0028337340
0.0027304907
0.0030783094
0.0031389698
0.0026023703
0.0029019301
0.0032145540
0.0039683097
0.0028703958
0.0014493107
0.0034083087
0.0035424651
0.0021659028
0.0028893743
0.0022611090
0.0024441289
0.0021749568
0.0013382657
0.0027916852
0.0029130693
0.0036109179
0.0028921127
0.0039296899
0.0036495078
0.0030123455
0.0026522318
0.0027639908
0.0037168452
0.0030503659
0.0034975358
0.0029156715
0.0035439642
0.0037245060
