0.0553474991
0.0377705446
0.0159664443
0.0198917204
0.0134457628
0.0122511062
0.0110203003
0.0125038561
0.0123277752
0.0066101694
0.0127247846
0.0042578657
0.0026451845
0.0028563613
0.0034815461
0.0039974362
0.0032242021
0.0023734079
0.0037590790
0.0035045141
0.0024033251
0.0023142101
0.0024788233
0.0022419554
0.0032609970
0.0033245080
0.0022856509
0.0017340741
0.0016896440
0.0023224324
0.0022204803
0.0018895958
0.0020249169
0.0016344204
0.0014386787
0.0014079645
0.0017301121
0.0027460699
0.0025969490
0.0016246019
0.0013804958
0.0016722473
0.0017881461
0.0014449297
0.0012994547
0.0012814047
0.0014037111
0.0015820488
0.0020800750
0.0042124428
0.0033617524
0.0021635527
0.0027276213
0.0026318133
0.0052558789
0.0073571812
0.0070839247
0.0063217402
0.0074343357
0.0079205192
0.0083822878
0.0052975820
0.0035785453
0.0053962463
0.0062816663
0.0046312482
0.0024849618
0.0011600720
0.0011400199
0.0011206494
0.0011019262
0.0010838184
0.0055140995
0.0048658015
0.0046702595
0.0035895608
0.0023788125
0.0021539358
0.0020739579
0.0020770122
0.0013646737
0.0009931409
0.0012913925
0.0011605966
0.0012308903
0.0016140574
0.0027873881
0.0055195611
0.0072725854
0.0057071668
0.0057913983
0.0058654092
0.0040260881
0.0013785839
0.0020123622
0.0019665376
0.0013230434
0.0014720489
0.0014399090
0.0017946498
0.0030341060
0.0025382418
0.0014727092
0.0012133718
0.0015109146
0.0010448011
0.0007531148
0.0047032743
0.0045557105
0.0048619339
0.0056747835
0.0054057779
0.0062417391
0.0047034976
0.0040427868
0.0039739712
0.0018866931
0.0009318340
0.0011068586
0.0012815088
0.0010961217
0.0009047139
0.0010556580
0.0012182831
0.0010579400
0.0008791795
0.0020827274
0.0034492744
0.0033755804
0.0022277256
0.0020713715
0.0027465275
0.0025658355
0.0021777514
0.0014534696
0.0009056917
0.0007841705
0.0008207872
0.0008016200
0.0007584679
0.0007234041
0.0009034034
0.0009355843
0.0007996844
0.0015791756
0.0020038298
0.0015895133
0.0013174274
0.0009174876
0.0020957128
0.0025433673
0.0008950252
0.0007822786
0.0032633788
0.0048645927
0.0044018775
0.0053872008
0.0067860458
0.0052198154
0.0054271973
0.0041231653
0.0047112273
0.0035842540
0.0032429751
0.0036426500
0.0029329734
0.0010757484
0.0010748749
0.0010576383
0.0010409459
0.0010247723
0.0010090936
0.0009938874
0.0009791328
0.0019186929
0.0018305486
0.0012142458
0.0012849287
0.0011172131
0.0010282755
0.0014904763
0.0015303561
0.0010694302
0.0009968193
0.0009819781
0.0006099710
0.0007279975
0.0008500691
0.0007301766
0.0006536748
0.0007755764
0.0007114193
0.0007073252
0.0010617429
0.0009432212
0.0029003926
0.0043335030
0.0031857230
0.0015375081
0.0032825493
0.0039601803
0.0039401425
0.0061539612
0.0059384562
0.0024445802
0.0029629771
0.0022388605
0.0029514724
0.0021999791
0.0039060368
0.0060071424
0.0040374091
0.0036830932
0.0029629677
0.0040634626
0.0038309529
0.0013764799
0.0016203243
0.0012030998
0.0011812794
0.0011602271
0.0009517007
0.0011466518
0.0015903385
0.0013822828
0.0012829736
0.0016320774
0.0014203500
0.0012489848
0.0011283352
0.0009318676
0.0020726269
0.0036742226
0.0042569504
0.0028115815
0.0009770492
0.0006003381
0.0005740955
0.0005691418
0.0005642728
0.0005594865
0.0007121077
0.0007416107
0.0006185076
0.0007782638
0.0007388803
0.0005366237
0.0005364549
0.0005765066
0.0006051648
0.0005599298
0.0005276404
0.0005894639
0.0005972397
0.0005309250
0.0005192708
0.0005622498
0.0005945469
0.0008801908
0.0008496374
0.0005195821
0.0005112301
0.0005532910
0.0007960030
0.0010293454
0.0009152220
0.0032184043
0.0027336224
0.0033291184
0.0044838318
0.0033441783
0.0028702468
0.0017428176
0.0011931988
0.0011702119
0.0011480293
0.0010549004
0.0036033368
0.0026684881
0.0009993367
0.0007301746
0.0005337640
0.0004699307
0.0004665908
0.0004624832
0.0006483848
0.0009014492
0.0007976433
0.0005711121
0.0007024796
0.0007248235
0.0006190102
0.0004890050
0.0012857715
0.0031166585
0.0027730837
0.0020014180
0.0020882143
0.0013590442
0.0008533485
0.0013904677
0.0023642550
0.0040569201
0.0033452292
0.0031172607
0.0018432185
0.0009900437
0.0007787498
0.0005265242
0.0007476380
0.0006661125
0.0004498322
0.0005163436
0.0005195276
0.0005843869
0.0006901690
0.0006199231
0.0007180678
0.0007775324
0.0014162756
0.0012534874
0.0006832469
0.0009995698
0.0040318278
0.0058627400
0.0059995247
0.0048400003
0.0047126661
0.0028310669
0.0015839849
0.0015352437
0.0016882828
0.0024901038
0.0019291534
0.0011976771
0.0027724856
0.0022165965
0.0030135384
0.0047011808
0.0036843809
0.0046555319
0.0025254788
0.0010160405
0.0009991275
0.0009827215
0.0032543461
0.0036944971
0.0035678434
0.0040859507
0.0036758816
0.0034020348
0.0054664242
0.0039888609
0.0032991406
0.0031026964
0.0020699470
0.0017466013
0.0019799399
0.0005736574
0.0005357589
