0.0160637453
0.0086575509
0.0053404325
0.0055567293
0.0037076111
0.0047356821
0.0035361464
0.0047020009
0.0038208293
0.0042242269
0.0037063054
0.0041786236
0.0015682709
0.0025941719
0.0035177651
0.0033532068
0.0032008710
0.0023446790
0.0033528105
0.0035332696
0.0024454661
0.0029580309
0.0038783609
0.0036600278
0.0036810568
0.0032111076
0.0032249258
0.0024849378
0.0025856514
0.0035679596
0.0035508552
0.0036770570
0.0017756880
0.0044486645
0.0010955126
0.0028141249
0.0029701582
0.0032336782
0.0032998250
0.0035222063
0.0035111225
0.0035043733
0.0037723840
0.0019012461
0.0027868419
0.0028266848
0.0024362266
0.0029006989
0.0028423418
0.0026967025
0.0026575318
0.0024469794
0.0032106583
0.0027126652
0.0028342810
0.0019926526
0.0023826202
0.0027220718
0.0011989569
0.0025589159
0.0029150574
0.0035930899
0.0036988035
0.0030043098
0.0032414237
0.0034466883
0.0032193453
0.0019857067
0.0018224472
0.0028886661
0.0020560729
0.0017349091
0.0033749917
0.0021135572
0.0025263766
0.0034796917
0.0035005365
0.0030567362
0.0030662561
0.0037994658
0.0031177870
0.0032875667
0.0030862410
0.0022351699
0.0028819051
0.0025457965
0.0026764305
0.0017640969
0.0018183665
0.0018874975
0.0013009350
0.0015806521
0.0016675215
0.0022990467
0.0015854069
0.0012089979
0.0023233469
0.0030764851
0.0027821618
0.0025146312
0.0025441142
0.0021286735
0.0024873914
0.0020927271
0.0025259821
0.0017424355
0.0023736190
0.0028954387
0.0034537120
0.0017158350
0.0024870204
0.0031999607
0.0037374826
0.0036933486
0.0033298697
0.0029252039
0.0027864371
0.0028697653
0.0024744394
0.0034950171
0.0028713409
0.0039657763
0.0033554899
0.0029639613
0.0026483065
0.0030459796
0.0021611675
0.0035717903
0.0037578426
0.0029018630
0.0025428613
0.0032786820
0.0030484884
0.0018148988
0.0037759517
0.0035985333
0.0030815880
0.0032403417
0.0034406891
0.0016921028
0.0018678656
0.0021861921
0.0029891632
0.0030600204
0.0017405257
0.0030360021
0.0033885669
0.0015779647
0.0025964317
0.0031163608
0.0025478542
0.0018975241
0.0024050023
0.0021321135
0.0015790565
0.0023675943
0.0026731439
0.0025841773
0.0018384534
0.0019735598
0.0020602424
0.0024984907
0.0019207563
0.0015709816
0.0013007147
0.0014132229
0.0011901098
0.0012930640
0.0008699992
0.0027117222
0.0031226615
0.0030714750
0.0028167094
0.0027394445
0.0014889190
0.0023918781
0.0026239656
0.0024983207
0.0016705374
0.0023367293
0.0030691134
0.0025920438
0.0024542002
0.0023219838
0.0034377614
0.0021407139
0.0018370539
0.0018659362
0.0026245167
0.0015785913
0.0031645282
0.0026167558
0.0035790212
0.0031435452
0.0022465675
0.0026336791
0.0020954517
0.0020899606
0.0028855484
0.0027197097
0.0013504134
0.0013705238
0.0014692373
0.0021284570
0.0035891866
0.0019096489
0.0019801066
0.0021312631
0.0010054927
0.0018553044
0.0029761917
0.0024659931
0.0022021336
0.0016073013
0.0018920671
0.0017188189
0.0023322345
0.0027645882
0.0017156837
0.0008333533
0.0010502547
0.0016936038
0.0029723808
0.0023429190
0.0031451960
0.0027943839
0.0025566052
0.0034894741
0.0026784525
0.0032892048
0.0030247189
0.0027000176
0.0026842914
0.0034234230
0.0020440172
0.0015005705
0.0010501590
0.0007444878
0.0012426374
0.0015346898
0.0025382509
0.0030002803
0.0033565945
0.0027243484
0.0031271318
0.0023059352
0.0025219286
0.0021905316
0.0023129746
0.0036238518
0.0025767709
0.0034948341
0.0018352668
0.0034030096
0.0009995696
0.0022455219
0.0034710562
0.0018603756
0.0029927469
0.0022983573
0.0023188132
0.0028642160
0.0026939915
0.0019344189
0.0020895732
0.0022406098
0.0010334215
0.0011750972
0.0020455775
0.0024133550
0.0033713398
0.0021934380
0.0021486102
0.0028483525
0.0022485791
0.0033336576
0.0026566210
0.0031544189
0.0023573337
0.0017570497
0.0019058268
0.0015568910
0.0028939283
0.0027866209
0.0027926063
0.0024132116
0.0028842011
0.0026856179
0.0018362652
0.0024048612
0.0025767630
0.0034362457
0.0034621595
0.0026296191
0.0035598278
0.0017614660
0.0016746471
0.0017710548
0.0027451142
0.0033138258
0.0030750149
0.0033685658
0.0019327146
0.0029869023
0.0027450668
0.0032184115
0.0024045199
0.0025705364
0.0030775075
0.0038763637
0.0029382513
0.0015321866
0.0027217432
0.0030276183
0.0022265742
0.0031695868
0.0024212848
0.0026731888
0.0025757948
0.0029039078
0.0029611315
0.0024549330
0.0027375212
0.0030324334
0.0037434850
0.0027077735
0.0013672000
0.0032152109
0.0033417667
0.0020431935
0.0027256768
0.0021330058
0.0023056567
0.0020517346
0.0012624462
0.0026335222
0.0027480294
0.0034063413
0.0027282600
0.0037070533
0.0034427449
0.0028416810
0.0025019696
0.0026073969
0.0035062673
0.0028775474
0.0032993829
0.0027504841
0.0033431809
0.0035134941
0.0043258721
0.0025982104
0.0023601514
0.0032333575
0.0018300068
0.0028602403
0.0034691388
0.0035118757
0.0029916582
0.0026815776
0.0029067307
0.0022855983
0.0030333551
0.0026594055
0.0017695490
0.0033341142
0.0030086773
0.0030045464
0.0021773083
0.0026136314
