0.0529560483
0.0361385576
0.0152765673
0.0190322404
0.0128647992
0.0117217613
0.0105441359
0.0119635904
0.0117951176
0.0063245577
0.0121749730
0.0040738922
0.0025308916
0.0027329439
0.0033311157
0.0038247153
0.0030848910
0.0022708578
0.0035966570
0.0033530914
0.0022994824
0.0022142179
0.0023717185
0.0021450852
0.0031200961
0.0031808629
0.0021868926
0.0016591484
0.0016166380
0.0022220849
0.0021245379
0.0018079502
0.0019374244
0.0015638005
0.0013765164
0.0013471292
0.0016553575
0.0026274179
0.0024847402
0.0015544062
0.0013208474
0.0015999930
0.0017108840
0.0013824972
0.0012433080
0.0012260378
0.0013430597
0.0015136917
0.0019901993
0.0040304319
0.0032164981
0.0020700700
0.0026097664
0.0025180981
0.0050287832
0.0070392926
0.0067778430
0.0060485909
0.0071131135
0.0075782899
0.0080201065
0.0050686844
0.0034239238
0.0051630857
0.0060102485
0.0044311416
0.0023775917
0.0011099477
0.0010907620
0.0010722285
0.0010543142
0.0010369888
0.0052758467
0.0046555603
0.0044684673
0.0034344633
0.0022760290
0.0020608687
0.0019843465
0.0019872688
0.0013057090
0.0009502293
0.0012355941
0.0011104496
0.0011777061
0.0015443173
0.0026669509
0.0052810723
0.0069583520
0.0054605719
0.0055411639
0.0056119771
0.0038521292
0.0013190181
0.0019254122
0.0018815675
0.0012658774
0.0014084448
0.0013776935
0.0017171067
0.0029030085
0.0024285696
0.0014090765
0.0011609445
0.0014456311
0.0009996574
0.0007205743
0.0045000556
0.0043588677
0.0046518598
0.0054295878
0.0051722055
0.0059720465
0.0045002692
0.0038681064
0.0038022642
0.0018051730
0.0008915714
0.0010590335
0.0012261375
0.0010487605
0.0008656231
0.0010100452
0.0011656436
0.0010122286
0.0008411920
0.0019927371
0.0033002384
0.0032297285
0.0021314702
0.0019818718
0.0026278557
0.0024549710
0.0020836553
0.0013906682
0.0008665586
0.0007502881
0.0007853227
0.0007669837
0.0007256961
0.0006921473
0.0008643692
0.0008951596
0.0007651317
0.0015109427
0.0019172484
0.0015208337
0.0012605041
0.0008778449
0.0020051614
0.0024334737
0.0008563530
0.0007484780
0.0031223750
0.0046544037
0.0042116815
0.0051544310
0.0064928348
0.0049942780
0.0051926993
0.0039450118
0.0045076649
0.0034293858
0.0031028528
0.0034852587
0.0028062457
0.0010292675
0.0010284317
0.0010119400
0.0009959688
0.0009804940
0.0009654927
0.0009509436
0.0009368265
0.0018357902
0.0017514543
0.0011617808
0.0012294096
0.0010689406
0.0009838458
0.0014260759
0.0014642326
0.0010232223
0.0009537488
0.0009395489
0.0005836154
0.0006965422
0.0008133393
0.0006986272
0.0006254308
0.0007420653
0.0006806804
0.0006767632
0.0010158672
0.0009024666
0.0027750726
0.0041462614
0.0030480745
0.0014710756
0.0031407171
0.0037890692
0.0037698971
0.0058880613
0.0056818678
0.0023389550
0.0028349530
0.0021421240
0.0028239454
0.0021049226
0.0037372651
0.0057475862
0.0038629610
0.0035239543
0.0028349440
0.0038878888
0.0036654254
0.0013170050
0.0015503134
0.0011511164
0.0011302388
0.0011100961
0.0009105796
0.0010971073
0.0015216233
0.0013225573
0.0012275389
0.0015615588
0.0013589797
0.0011950188
0.0010795821
0.0008916036
0.0019830730
0.0035154671
0.0040730164
0.0026900989
0.0009348329
0.0005743988
0.0005492901
0.0005445504
0.0005398918
0.0005353122
0.0006813390
0.0007095673
0.0005917832
0.0007446367
0.0007069548
0.0005134373
0.0005132758
0.0005515969
0.0005790169
0.0005357364
0.0005048421
0.0005639944
0.0005714342
0.0005079848
0.0004968342
0.0005379562
0.0005688578
0.0008421596
0.0008129263
0.0004971320
0.0004891409
0.0005293845
0.0007616094
0.0009848696
0.0008756771
0.0030793437
0.0026155082
0.0031852741
0.0042900948
0.0031996833
0.0027462294
0.0016675141
0.0011416431
0.0011196494
0.0010984254
0.0010093203
0.0034476441
0.0025531882
0.0009561575
0.0006986253
0.0005107012
0.0004496260
0.0004464304
0.0004425003
0.0006203694
0.0008624994
0.0007631787
0.0005464355
0.0006721270
0.0006935054
0.0005922641
0.0004678761
0.0012302160
0.0029819941
0.0026532645
0.0019149409
0.0019979869
0.0013003228
0.0008164771
0.0013303884
0.0022621005
0.0038816289
0.0032006888
0.0029825703
0.0017635769
0.0009472660
0.0007451017
0.0005037742
0.0007153341
0.0006373312
0.0004303959
0.0004940335
0.0004970798
0.0005591367
0.0006603482
0.0005931375
0.0006870416
0.0007439369
0.0013550813
0.0011993268
0.0006537252
0.0009563805
0.0038576209
0.0056094231
0.0057402977
0.0046308739
0.0045090415
0.0027087423
0.0015155442
0.0014689090
0.0016153356
0.0023825116
0.0018457987
0.0011459279
0.0026526922
0.0021208220
0.0028833297
0.0044980525
0.0035251864
0.0044543760
0.0024163581
0.0009721395
0.0009559572
0.0009402602
0.0031137326
0.0035348655
0.0034136843
0.0039094052
0.0035170544
0.0032550400
0.0052302314
0.0038165105
0.0031565916
0.0029686353
0.0019805089
0.0016711343
0.0018943908
0.0005488709
0.0005126099
0.0005084797
0.0005044155
0.0023725262
0.0046353757
0.0053789018
0.0032148937
0.0032646150
0.0024805304
0.0024085728
0.0014205573
0.0007692714
0.0007591559
0.0022711198
0.0043788879
0.0032019424
0.0024932016
0.0013100091
0.0005204327
0.0005801244
0.0007349143
