0.0153060082
0.0082491687
0.0050885209
0.0052946148
0.0035327207
0.0045122970
0.0033693442
0.0044802046
0.0036405984
0.0040249674
0.0035314766
0.0039815152
0.0014942946
0.0024718031
0.0033518299
0.0031950339
0.0030498839
0.0022340790
0.0031946563
0.0033666030
0.0023301119
0.0028184987
0.0036954162
0.0034873819
0.0035074190
0.0030596377
0.0030728040
0.0023677217
0.0024636846
0.0033996567
0.0033833591
0.0035036079
0.0016919277
0.0042388182
0.0010438366
0.0026813808
0.0028300539
0.0030811436
0.0031441702
0.0033560616
0.0033455006
0.0033390698
0.0035944382
0.0018115631
0.0026553848
0.0026933483
0.0023213083
0.0027638711
0.0027082667
0.0025694973
0.0025321743
0.0023315538
0.0030592095
0.0025847070
0.0027005862
0.0018986579
0.0022702305
0.0025936700
0.0011424013
0.0024382102
0.0027775523
0.0034236016
0.0035243285
0.0028625946
0.0030885236
0.0032841058
0.0030674867
0.0018920397
0.0017364812
0.0027524059
0.0019590867
0.0016530723
0.0032157912
0.0020138593
0.0024072058
0.0033155524
0.0033354140
0.0029125480
0.0029216189
0.0036202426
0.0029707190
0.0031324901
0.0029406611
0.0021297355
0.0027459638
0.0024257096
0.0025501816
0.0016808833
0.0017325930
0.0017984631
0.0012395691
0.0015060917
0.0015888634
0.0021905992
0.0015106222
0.0011519687
0.0022137531
0.0029313654
0.0026509255
0.0023960144
0.0024241068
0.0020282626
0.0023700596
0.0019940118
0.0024068299
0.0016602437
0.0022616539
0.0027588590
0.0032907982
0.0016348980
0.0023697061
0.0030490165
0.0035611832
0.0035191310
0.0031727976
0.0027872202
0.0026549991
0.0027343967
0.0023577185
0.0033301549
0.0027358980
0.0037787081
0.0031972093
0.0028241494
0.0025233842
0.0029022988
0.0020592238
0.0034033067
0.0035805828
0.0027649802
0.0024229129
0.0031240245
0.0029046893
0.0017292889
0.0035978376
0.0034287882
0.0029362275
0.0030874927
0.0032783896
0.0016122853
0.0017797572
0.0020830681
0.0028481625
0.0029156773
0.0016584240
0.0028927920
0.0032287261
0.0015035311
0.0024739564
0.0029693601
0.0024276703
0.0018080167
0.0022915568
0.0020315404
0.0015045714
0.0022559133
0.0025470500
0.0024622800
0.0017517324
0.0018804657
0.0019630594
0.0023806353
0.0018301531
0.0014968774
0.0012393592
0.0013465602
0.0011339715
0.0012320693
0.0008289608
0.0025838085
0.0029753636
0.0029265915
0.0026838434
0.0026102231
0.0014186857
0.0022790517
0.0025001915
0.0023804733
0.0015917371
0.0022265043
0.0029243414
0.0024697755
0.0023384340
0.0022124543
0.0032756000
0.0020397350
0.0017503989
0.0017779188
0.0025007166
0.0015041281
0.0030152554
0.0024933218
0.0034101965
0.0029952622
0.0021405955
0.0025094468
0.0019966079
0.0019913758
0.0027494352
0.0025914193
0.0012867136
0.0013058754
0.0013999324
0.0020280563
0.0034198824
0.0018195696
0.0018867037
0.0020307301
0.0009580630
0.0017677885
0.0028358028
0.0023496706
0.0020982576
0.0015314839
0.0018028171
0.0016377411
0.0022222215
0.0026341808
0.0016347539
0.0007940435
0.0010007135
0.0016137155
0.0028321718
0.0022324020
0.0029968351
0.0026625711
0.0024360085
0.0033248734
0.0025521082
0.0031340510
0.0028820410
0.0025726561
0.0025576716
0.0032619379
0.0019475996
0.0014297877
0.0010006223
0.0007093698
0.0011840214
0.0014622975
0.0024185200
0.0028587552
0.0031982618
0.0025958391
0.0029796230
0.0021971627
0.0024029676
0.0020872028
0.0022038702
0.0034529124
0.0024552230
0.0033299806
0.0017486961
0.0032424875
0.0009524193
0.0021395992
0.0033073242
0.0017726205
0.0028515771
0.0021899423
0.0022094333
0.0027291091
0.0025669142
0.0018431711
0.0019910067
0.0021349188
0.0009846744
0.0011196671
0.0019490863
0.0022995155
0.0032123116
0.0020899722
0.0020472589
0.0027139939
0.0021425122
0.0031764068
0.0025313065
0.0030056229
0.0022461368
0.0016741686
0.0018159278
0.0014834515
0.0027574198
0.0026551742
0.0026608773
0.0022993789
0.0027481515
0.0025589356
0.0017496474
0.0022914224
0.0024552155
0.0032741559
0.0032988473
0.0025055783
0.0033919084
0.0016783766
0.0015956530
0.0016875131
0.0026156254
0.0031575105
0.0029299645
0.0032096684
0.0018415473
0.0028460082
0.0026155803
0.0030665970
0.0022910972
0.0024492825
0.0029323395
0.0036935132
0.0027996521
0.0014599124
0.0025933568
0.0028848036
0.0021215453
0.0030200754
0.0023070712
0.0025470928
0.0024542929
0.0027669286
0.0028214530
0.0023391322
0.0026083906
0.0028893916
0.0035669025
0.0025800461
0.0013027083
0.0030635474
0.0031841335
0.0019468148
0.0025971049
0.0020323906
0.0021968974
0.0019549530
0.0012028958
0.0025092973
0.0026184031
0.0032456621
0.0025995662
0.0035321892
0.0032803485
0.0027076371
0.0023839501
0.0024844044
0.0033408745
0.0027418117
0.0031437489
0.0026207420
0.0031854809
0.0033477604
0.0041218180
0.0024756512
0.0022488216
0.0030808380
0.0017436842
0.0027253210
0.0033054973
0.0033462183
0.0028505398
0.0025550858
0.0027696184
0.0021777851
0.0028902698
0.0025339596
0.0016860782
0.0031768419
0.0028667560
0.0028628200
0.0020746033
0.0024903447
0.0026867366
0.0032657932
0.0024110845
0.0026412919
0.0020609221
0.0030508386
0.0021262286
0.0018650150
0.0017175228
0.0026156772
0.0028593286
0.0035609689
0.0026070812
0.0017835354
0.0010169261
0.0023800213
0.0019985418
0.0016754095
0.0023270362
0.0025206747
