0.1044591102
0.0562982074
0.0347276936
0.0361342255
0.0241098045
0.0307951310
0.0229948063
0.0305761094
0.0248460384
0.0274692467
0.0241013134
0.0271726980
0.0101981312
0.0168693465
0.0228752766
0.0218051887
0.0208145818
0.0152469479
0.0218026116
0.0229760986
0.0159023443
0.0192354443
0.0252201540
0.0238003801
0.0239371272
0.0208811483
0.0209710047
0.0161590208
0.0168139399
0.0232016807
0.0230904541
0.0239111177
0.0115469207
0.0289287166
0.0071238847
0.0182996540
0.0193143054
0.0210279200
0.0214580585
0.0229041566
