0.0521037348
0.0355569172
0.0150306951
0.0187259216
0.0126577437
0.0115331026
0.0103744309
0.0117710396
0.0116052783
0.0062227656
0.0119790200
0.0040083240
0.0024901575
0.0026889579
0.0032775023
0.0037631575
0.0030352405
0.0022343090
0.0035387697
0.0032991242
0.0022624728
0.0021785806
0.0023335463
0.0021105606
0.0030698789
0.0031296678
0.0021516952
0.0016324448
0.0015906187
0.0021863211
0.0020903440
0.0017788518
0.0019062421
0.0015386316
0.0013543617
0.0013254475
0.0016287150
0.0025851303
0.0024447490
0.0015293884
0.0012995887
0.0015742415
0.0016833478
0.0013602463
0.0012232973
0.0012063051
0.0013214435
0.0014893292
0.0019581676
0.0039655632
0.0031647294
0.0020367528
0.0025677629
0.0024775700
0.0049478463
0.0069259971
0.0066687555
0.0059512404
0.0069986298
0.0074563194
0.0078910251
0.0049871053
0.0033688167
0.0050799872
0.0059135152
0.0043598235
0.0023393250
0.0010920833
0.0010732065
0.0010549712
0.0010373453
0.0010202988
0.0051909333
0.0045806303
0.0043965485
0.0033791865
0.0022393969
0.0020276995
0.0019524089
0.0019552843
0.0012846940
0.0009349356
0.0012157076
0.0010925772
0.0011587512
0.0015194620
0.0026240270
0.0051960748
0.0068463592
0.0053726855
0.0054519804
0.0055216538
0.0037901302
0.0012977889
0.0018944232
0.0018512842
0.0012455035
0.0013857762
0.0013555199
0.0016894703
0.0028562854
0.0023894824
0.0013863978
0.0011422594
0.0014223641
0.0009835682
0.0007089768
0.0044276284
0.0042887129
0.0045769894
0.0053422001
0.0050889602
0.0058759280
0.0044278386
0.0038058502
0.0037410677
0.0017761193
0.0008772218
0.0010419886
0.0012064031
0.0010318810
0.0008516911
0.0009937888
0.0011468829
0.0009959371
0.0008276532
0.0019606645
0.0032471220
0.0031777469
0.0020971648
0.0019499741
0.0025855611
0.0024154589
0.0020501194
0.0013682858
0.0008526116
0.0007382124
0.0007726832
0.0007546393
0.0007140162
0.0006810074
0.0008504574
0.0008807522
0.0007528171
0.0014866245
0.0018863908
0.0014963563
0.0012402166
0.0008637162
0.0019728888
0.0023943075
0.0008425703
0.0007364315
0.0030721212
0.0045794923
0.0041438956
0.0050714718
0.0063883343
0.0049138965
0.0051091242
0.0038815179
0.0044351152
0.0033741908
0.0030529132
0.0034291643
0.0027610800
0.0010127017
0.0010118794
0.0009956531
0.0009799390
0.0009647132
0.0009499534
0.0009356384
0.0009217485
0.0018062436
0.0017232652
0.0011430822
0.0012096226
0.0010517363
0.0009680111
0.0014031236
0.0014406661
0.0010067538
0.0009383985
0.0009244271
0.0005742223
0.0006853316
0.0008002489
0.0006873829
0.0006153647
0.0007301220
0.0006697250
0.0006658709
0.0009995171
0.0008879416
0.0027304086
0.0040795284
0.0029990165
0.0014473990
0.0030901681
0.0037280851
0.0037092216
0.0057932945
0.0055904197
0.0023013101
0.0027893251
0.0021076470
0.0027784948
0.0020710444
0.0036771148
0.0056550803
0.0038007877
0.0034672372
0.0027893164
0.0038253142
0.0036064313
0.0012958082
0.0015253615
0.0011325894
0.0011120479
0.0010922294
0.0008959241
0.0010794497
0.0014971332
0.0013012710
0.0012077820
0.0015364259
0.0013371072
0.0011757853
0.0010622066
0.0008772534
0.0019511559
0.0034588865
0.0040074623
0.0026468024
0.0009197871
0.0005651540
0.0005404494
0.0005357860
0.0005312024
0.0005266965
0.0006703730
0.0006981470
0.0005822586
0.0007326519
0.0006955765
0.0005051737
0.0005050148
0.0005427191
0.0005696977
0.0005271138
0.0004967168
0.0005549170
0.0005622371
0.0004998090
0.0004888378
0.0005292979
0.0005597021
0.0008286052
0.0007998425
0.0004891308
0.0004812683
0.0005208642
0.0007493515
0.0009690183
0.0008615833
0.0030297825
0.0025734123
0.0031340079
0.0042210468
0.0031481852
0.0027020296
0.0016406759
0.0011232687
0.0011016290
0.0010807465
0.0009930756
0.0033921551
0.0025120953
0.0009407684
0.0006873811
0.0005024816
0.0004423894
0.0004392452
0.0004353783
0.0006103847
0.0008486177
0.0007508956
0.0005376408
0.0006613092
0.0006823436
0.0005827317
0.0004603457
0.0012104160
0.0029339997
0.0026105609
0.0018841204
0.0019658298
0.0012793944
0.0008033361
0.0013089762
0.0022256926
0.0038191552
0.0031491746
0.0029345666
0.0017351926
0.0009320200
0.0007331095
0.0004956661
0.0007038210
0.0006270735
0.0004234688
0.0004860821
0.0004890795
0.0005501376
0.0006497201
0.0005835912
0.0006759838
0.0007319634
0.0013332716
0.0011800240
0.0006432036
0.0009409878
0.0037955335
0.0055191409
0.0056479092
0.0045563412
0.0044364697
0.0026651458
0.0014911519
0.0014452673
0.0015893372
0.0023441657
0.0018160911
0.0011274845
0.0026099979
0.0020866879
0.0028369232
0.0044256575
0.0034684495
0.0043826840
0.0023774675
0.0009564931
0.0009405714
0.0009251269
0.0030636179
0.0034779728
0.0033587419
0.0038464844
0.0034604483
0.0032026510
0.0051460522
0.0037550848
0.0031057871
0.0029208560
0.0019486331
0.0016442378
0.0018639011
0.0005400369
0.0005043595
0.0005002958
0.0004962971
0.0023343410
0.0045607706
0.0052923298
0.0031631508
0.0032120719
0.0024406069
0.0023698075
0.0013976938
0.0007568902
0.0007469375
0.0022345667
0.0043084109
0.0031504080
0.0024530742
0.0012889249
0.0005120565
0.0005707874
0.0007230860
0.0006564152
0.0005026697
0.0005610251
0.0006568988
0.0005927511
0.0004940206
0.0007389011
0.0007302115
0.0005453150
0.0006442597
0.0008186013
0.0009702355
0.0012775217
0.0012550835
0.0007093567
0.0004788246
0.0005367812
0.0007807472
0.0016607786
0.0014843356
