0.0514620067
0.0351189856
0.0148455717
0.0184952865
0.0125018464
0.0113910568
0.0102466557
0.0116260633
0.0114623436
0.0061461238
0.0118314822
0.0039589560
0.0024594879
0.0026558397
0.0032371354
0.0037168091
0.0029978574
0.0022067904
0.0034951850
0.0032584911
0.0022346074
0.0021517485
0.0023048055
0.0020845662
0.0030320692
0.0030911217
0.0021251941
0.0016123391
0.0015710280
0.0021593936
0.0020645986
0.0017569428
0.0018827641
0.0015196812
0.0013376809
0.0013091229
0.0016086552
0.0025532909
0.0024146386
0.0015105519
0.0012835825
0.0015548526
0.0016626151
0.0013434930
0.0012082307
0.0011914478
0.0013051681
0.0014709861
0.0019340501
0.0039167219
0.0031257515
0.0020116674
0.0025361375
0.0024470553
0.0048869069
0.0068406940
0.0065866207
0.0058779428
0.0069124322
0.0073644847
0.0077938364
0.0049256824
0.0033273251
0.0050174203
0.0058406822
0.0043061264
0.0023105131
0.0010786329
0.0010599885
0.0010419778
0.0010245690
0.0010077324
0.0051269999
0.0045242136
0.0043423990
0.0033375673
0.0022118157
0.0020027257
0.0019283624
0.0019312023
0.0012688712
0.0009234206
0.0012007345
0.0010791207
0.0011444796
0.0015007477
0.0025917086
0.0051320781
0.0067620370
0.0053065136
0.0053848319
0.0054536471
0.0037434496
0.0012818049
0.0018710908
0.0018284831
0.0012301634
0.0013687085
0.0013388249
0.0016686622
0.0028211064
0.0023600527
0.0013693224
0.0011281909
0.0014048458
0.0009714542
0.0007002448
0.0043730961
0.0042358916
0.0045206176
0.0052764036
0.0050262828
0.0058035579
0.0043733038
0.0037589760
0.0036949914
0.0017542439
0.0008664176
0.0010291551
0.0011915446
0.0010191720
0.0008412014
0.0009815490
0.0011327575
0.0009836708
0.0008174595
0.0019365162
0.0032071293
0.0031386087
0.0020713354
0.0019259575
0.0025537164
0.0023857093
0.0020248694
0.0013514335
0.0008421105
0.0007291203
0.0007631665
0.0007453449
0.0007052222
0.0006726199
0.0008399829
0.0008699046
0.0007435451
0.0014683147
0.0018631574
0.0014779267
0.0012249417
0.0008530784
0.0019485901
0.0023648184
0.0008321929
0.0007273613
0.0030342838
0.0045230897
0.0040928579
0.0050090097
0.0063096534
0.0048533752
0.0050461984
0.0038337118
0.0043804908
0.0033326330
0.0030153125
0.0033869295
0.0027270735
0.0010002289
0.0009994167
0.0009833902
0.0009678697
0.0009528314
0.0009382534
0.0009241148
0.0009103960
0.0017839973
0.0017020408
0.0011290036
0.0011947244
0.0010387827
0.0009560887
0.0013858422
0.0014229224
0.0009943543
0.0009268408
0.0009130415
0.0005671499
0.0006768908
0.0007903927
0.0006789169
0.0006077856
0.0007211295
0.0006614764
0.0006576698
0.0009872067
0.0008770054
0.0026967799
0.0040292835
0.0029620796
0.0014295723
0.0030521085
0.0036821687
0.0036635375
0.0057219422
0.0055215661
0.0022729664
0.0027549708
0.0020816885
0.0027442739
0.0020455367
0.0036318261
0.0055854303
0.0037539758
0.0034245335
0.0027549622
0.0037782003
0.0035620132
0.0012798485
0.0015065747
0.0011186401
0.0010983515
0.0010787771
0.0008848896
0.0010661548
0.0014786940
0.0012852441
0.0011929066
0.0015175027
0.0013206389
0.0011613039
0.0010491240
0.0008664489
0.0019271248
0.0034162857
0.0039581050
0.0026142035
0.0009084586
0.0005581933
0.0005337930
0.0005291870
0.0005246599
0.0005202095
0.0006621165
0.0006895483
0.0005750873
0.0007236283
0.0006870096
0.0004989518
0.0004987948
0.0005360348
0.0005626811
0.0005206217
0.0004905991
0.0005480825
0.0005553124
0.0004936531
0.0004828171
0.0005227789
0.0005528086
0.0008183998
0.0007899913
0.0004831065
0.0004753409
0.0005144490
0.0007401222
0.0009570836
0.0008509718
0.0029924667
0.0025417172
0.0030954084
0.0041690589
0.0031094111
0.0026687504
0.0016204688
0.0011094341
0.0010880609
0.0010674356
0.0009808445
0.0033503762
0.0024811555
0.0009291815
0.0006789151
0.0004962928
0.0004369407
0.0004338353
0.0004300161
0.0006028670
0.0008381658
0.0007416473
0.0005310190
0.0006531643
0.0006739396
0.0005755546
0.0004546759
0.0011955081
0.0028978635
0.0025784083
0.0018609149
0.0019416179
0.0012636369
0.0007934419
0.0012928544
0.0021982801
0.0037721171
0.0031103882
0.0028984235
0.0017138213
0.0009205409
0.0007240802
0.0004895613
0.0006951525
0.0006193503
0.0004182532
0.0004800954
0.0004830558
0.0005433619
0.0006417179
0.0005764034
0.0006676582
0.0007229483
0.0013168506
0.0011654904
0.0006352817
0.0009293982
0.0037487864
0.0054511653
0.0055783475
0.0045002237
0.0043818286
0.0026323210
0.0014727863
0.0014274669
0.0015697623
0.0023152941
0.0017937234
0.0011135980
0.0025778522
0.0020609875
0.0028019827
0.0043711496
0.0034257309
0.0043287054
0.0023481857
0.0009447126
0.0009289869
0.0009137328
0.0030258853
0.0034351368
0.0033173745
0.0037991097
0.0034178282
0.0031632060
0.0050826716
0.0037088358
0.0030675351
0.0028848817
0.0019246331
0.0016239868
0.0018409446
0.0005333856
0.0004981477
0.0004941340
0.0004901845
0.0023055904
0.0045045985
0.0052271476
0.0031241923
0.0031725109
0.0024105475
0.0023406201
0.0013804793
0.0007475680
0.0007377379
0.0022070450
0.0042553469
0.0031116064
0.0024228612
0.0012730500
0.0005057498
0.0005637574
0.0007141802
0.0006483306
0.0004964786
0.0005541154
0.0006488082
0.0005854506
0.0004879361
0.0007298006
0.0007212180
0.0005385988
0.0006363248
0.0008085191
0.0009582858
0.0012617873
0.0012396254
0.0007006200
0.0004729272
0.0005301700
0.0007711312
0.0016403239
0.0014660540
0.0005452693
0.0004654910
0.0006942430
0.0006864719
0.0006788729
0.0009042742
0.0018475428
0.0030038399
0.0020904227
0.0013999274
