0.0142576469
0.0076841547
0.0047399905
0.0049319684
0.0032907525
0.0042032342
0.0031385662
0.0041733399
0.0033912412
0.0037492835
0.0032895936
0.0037088075
0.0013919452
0.0023025008
0.0031222515
0.0029761950
0.0028409868
0.0020810593
0.0029758432
0.0031360127
0.0021705145
0.0026254500
0.0034423044
0.0032485191
0.0032671837
0.0028500725
0.0028623370
0.0022055483
0.0022949384
0.0031668025
0.0031516211
0.0032636337
0.0015760417
0.0039484869
0.0009723406
0.0024977238
0.0026362138
0.0028701054
0.0029288151
0.0031261934
0.0031163557
0.0031103653
0.0033482427
0.0016874829
0.0024735083
0.0025088716
0.0021623139
0.0025745641
0.0025227682
0.0023935036
0.0023587370
0.0021718577
0.0028496737
0.0024076715
0.0025156137
0.0017686123
0.0021147346
0.0024160206
0.0010641543
0.0022712088
0.0025873082
0.0031891073
0.0032829351
0.0026665256
0.0028769800
0.0030591661
0.0028573840
0.0017624474
0.0016175436
0.0025638841
0.0018249021
0.0015398477
0.0029955306
0.0018759232
0.0022423280
0.0030884588
0.0031069600
0.0027130575
0.0027215071
0.0033722797
0.0027672442
0.0029179350
0.0027392451
0.0019838626
0.0025578833
0.0022595644
0.0023755108
0.0015657538
0.0016139217
0.0016752801
0.0011546668
0.0014029343
0.0014800367
0.0020405575
0.0014071545
0.0010730664
0.0020621255
0.0027305861
0.0024693544
0.0022319031
0.0022580713
0.0018893399
0.0022077260
0.0018574350
0.0022419778
0.0015465279
0.0021067454
0.0025698952
0.0030654001
0.0015229182
0.0022073967
0.0028401788
0.0033172655
0.0032780936
0.0029554818
0.0025963139
0.0024731491
0.0025471084
0.0021962303
0.0031020611
0.0025485069
0.0035198914
0.0029782214
0.0026307137
0.0023505489
0.0027035103
0.0019181805
0.0031702025
0.0033353363
0.0025755972
0.0022569593
0.0029100492
0.0027057371
0.0016108439
0.0033514093
0.0031939387
0.0027351152
0.0028760197
0.0030538414
0.0015018543
0.0016578555
0.0019403916
0.0026530820
0.0027159725
0.0015448328
0.0026946547
0.0030075795
0.0014005491
0.0023045066
0.0027659784
0.0022613908
0.0016841794
0.0021346002
0.0018923932
0.0014015181
0.0021013980
0.0023725937
0.0022936300
0.0016317502
0.0017516661
0.0018286027
0.0022175773
0.0017047996
0.0013943511
0.0011544712
0.0012543297
0.0010563019
0.0011476806
0.0007721824
0.0024068346
0.0027715707
0.0027261392
0.0025000177
0.0024314399
0.0013215150
0.0021229516
0.0023289448
0.0022174265
0.0014827135
0.0020740034
0.0027240431
0.0023006120
0.0021782666
0.0020609157
0.0030512428
0.0019000265
0.0016305080
0.0016561430
0.0023294339
0.0014011052
0.0028087302
0.0023225456
0.0031766204
0.0027901064
0.0019939787
0.0023375662
0.0018598534
0.0018549796
0.0025611169
0.0024139240
0.0011985821
0.0012164314
0.0013040462
0.0018891478
0.0031856429
0.0016949410
0.0017574768
0.0018916384
0.0008924420
0.0016467065
0.0026415689
0.0021887336
0.0019545407
0.0014265873
0.0016793359
0.0015255666
0.0020700139
0.0024537567
0.0015227839
0.0007396568
0.0009321712
0.0015031865
0.0026381865
0.0020794971
0.0027915715
0.0024802024
0.0022691579
0.0030971414
0.0023773055
0.0029193890
0.0026846401
0.0023964460
0.0023824879
0.0030385166
0.0018142018
0.0013318566
0.0009320862
0.0006607827
0.0011029237
0.0013621397
0.0022528672
0.0026629491
0.0029792018
0.0024180412
0.0027755384
0.0020466715
0.0022383801
0.0019442431
0.0020529195
0.0032164105
0.0022870563
0.0031018987
0.0016289219
0.0030203983
0.0008871848
0.0019930507
0.0030807942
0.0016512076
0.0026562628
0.0020399456
0.0020581016
0.0025421830
0.0023910974
0.0017169260
0.0018546358
0.0019886909
0.0009172306
0.0010429773
0.0018155867
0.0021420138
0.0029922893
0.0019468228
0.0019070351
0.0025281031
0.0019957642
0.0029588438
0.0023579286
0.0027997575
0.0020922911
0.0015594990
0.0016915486
0.0013818448
0.0025685546
0.0024733122
0.0024786246
0.0021418865
0.0025599211
0.0023836653
0.0016298080
0.0021344750
0.0022870493
0.0030498976
0.0030728978
0.0023339626
0.0031595849
0.0015634188
0.0014863612
0.0015719295
0.0024364722
0.0029412417
0.0027292811
0.0029898271
0.0017154133
0.0026510753
0.0024364301
0.0028565552
0.0021341720
0.0022815227
0.0027314934
0.0034405317
0.0026078943
0.0013599180
0.0024157289
0.0026872135
0.0019762333
0.0028132200
0.0021490520
0.0023726336
0.0022861899
0.0025774121
0.0026282020
0.0021789170
0.0024297329
0.0026914872
0.0033225930
0.0024033299
0.0012134813
0.0028537145
0.0029660412
0.0018134708
0.0024192202
0.0018931851
0.0020464244
0.0018210515
0.0011205054
0.0023374269
0.0024390596
0.0030233555
0.0024215130
0.0032902574
0.0030556661
0.0025221817
0.0022206651
0.0023142389
0.0031120464
0.0025540155
0.0029284227
0.0024412383
0.0029672964
0.0031184607
0.0038395005
0.0023060853
0.0020947920
0.0028698208
0.0016242533
0.0025386543
0.0030790924
0.0031170242
0.0026552965
0.0023800792
0.0025799176
0.0020286211
0.0026923053
0.0023604000
0.0015705929
0.0029592491
0.0026704020
0.0026667356
0.0019325065
0.0023197724
0.0025027127
0.0030421077
0.0022459410
0.0024603807
0.0019197625
0.0028418761
0.0019805958
0.0017372737
0.0015998837
0.0024365205
0.0026634834
0.0033170659
0.0024285132
0.0016613749
0.0009472734
0.0022170055
0.0018616547
0.0015606549
0.0021676494
0.0023480250
0.0013271410
0.0015702615
0.0023904518
0.0025484820
0.0026418353
0.0024063989
0.0010064630
0.0013251832
0.0025364790
0.0017209727
0.0013906051
0.0019059656
0.0018328257
0.0026963834
0.0032761133
0.0026311408
0.0019811328
0.0012659285
0.0027264848
0.0016360499
0.0032547285
0.0033112981
0.0030412968
0.0024689676
0.0030430240
0.0029984788
0.0018783701
0.0027416303
0.0023717461
0.0025676115
