0.0503837516
0.0343831568
0.0145345206
0.0181077649
0.0122399021
0.0111523863
0.0100319631
0.0113824688
0.0112221794
0.0060173475
0.0115835836
0.0038760062
0.0024079556
0.0026001933
0.0031693095
0.0036389329
0.0029350450
0.0021605528
0.0034219523
0.0031902177
0.0021877869
0.0021066641
0.0022565142
0.0020408894
0.0029685399
0.0030263551
0.0020806661
0.0015785566
0.0015381111
0.0021141490
0.0020213402
0.0017201305
0.0018433156
0.0014878402
0.0013096532
0.0012816935
0.0015749499
0.0024997932
0.0023640460
0.0014789022
0.0012566883
0.0015222746
0.0016277793
0.0013153436
0.0011829153
0.0011664840
0.0012778217
0.0014401654
0.0018935270
0.0038346570
0.0030602593
0.0019695181
0.0024829992
0.0023957835
0.0047845142
0.0066973647
0.0064486148
0.0057547855
0.0067675998
0.0072101807
0.0076305364
0.0048224772
0.0032576095
0.0049122930
0.0057183056
0.0042159025
0.0022621022
0.0010560329
0.0010377792
0.0010201458
0.0010031018
0.0009866180
0.0050195767
0.0044294202
0.0042514151
0.0032676371
0.0021654727
0.0019607637
0.0018879585
0.0018907389
0.0012422853
0.0009040727
0.0011755762
0.0010565104
0.0011205000
0.0014693034
0.0025374059
0.0050245485
0.0066203558
0.0051953291
0.0052720064
0.0053393799
0.0036650152
0.0012549479
0.0018318869
0.0017901719
0.0012043885
0.0013400307
0.0013107732
0.0016336996
0.0027619973
0.0023106038
0.0013406317
0.0011045526
0.0013754108
0.0009510999
0.0006855730
0.0042814690
0.0041471393
0.0044258995
0.0051658501
0.0049209698
0.0056819592
0.0042816723
0.0036802163
0.0036175723
0.0017174882
0.0008482641
0.0010075918
0.0011665788
0.0009978178
0.0008235762
0.0009609831
0.0011090234
0.0009630604
0.0008003318
0.0018959415
0.0031399321
0.0030728471
0.0020279358
0.0018856040
0.0025002098
0.0023357228
0.0019824434
0.0013231176
0.0008244663
0.0007138435
0.0007471763
0.0007297281
0.0006904460
0.0006585268
0.0008223832
0.0008516780
0.0007279660
0.0014375499
0.0018241197
0.0014469605
0.0011992761
0.0008352043
0.0019077623
0.0023152697
0.0008147564
0.0007121213
0.0029707082
0.0044283199
0.0040071025
0.0049040587
0.0061774507
0.0047516851
0.0049404682
0.0037533861
0.0042887088
0.0032628062
0.0029521343
0.0033159651
0.0026699346
0.0009792717
0.0009784765
0.0009627858
0.0009475904
0.0009328673
0.0009185947
0.0009047523
0.0008913209
0.0017466182
0.0016663789
0.0011053482
0.0011696920
0.0010170177
0.0009360563
0.0013568054
0.0013931087
0.0009735201
0.0009074212
0.0008939111
0.0005552668
0.0006627083
0.0007738321
0.0006646919
0.0005950510
0.0007060201
0.0006476169
0.0006438900
0.0009665223
0.0008586300
0.0026402757
0.0039448601
0.0029000167
0.0013996193
0.0029881593
0.0036050182
0.0035867775
0.0056020535
0.0054058757
0.0022253422
0.0026972474
0.0020380720
0.0026867746
0.0020026777
0.0035557305
0.0054684019
0.0036753208
0.0033527811
0.0026972389
0.0036990378
0.0034873803
0.0012530326
0.0014750082
0.0010952018
0.0010753384
0.0010561741
0.0008663490
0.0010438162
0.0014477117
0.0012583151
0.0011679122
0.0014857073
0.0012929683
0.0011369717
0.0010271423
0.0008482947
0.0018867468
0.0033447061
0.0038751730
0.0025594295
0.0008894242
0.0005464978
0.0005226087
0.0005180993
0.0005136670
0.0005093099
0.0006482435
0.0006751006
0.0005630378
0.0007084665
0.0006726150
0.0004884975
0.0004883439
0.0005248035
0.0005508916
0.0005097134
0.0004803198
0.0005365988
0.0005436772
0.0004833099
0.0004727009
0.0005118254
0.0005412260
0.0008012524
0.0007734391
0.0004729842
0.0004653813
0.0005036700
0.0007246148
0.0009370303
0.0008331418
0.0029297671
0.0024884620
0.0030305520
0.0040817069
0.0030442613
0.0026128335
0.0015865160
0.0010861888
0.0010652634
0.0010450702
0.0009602934
0.0032801776
0.0024291692
0.0009097129
0.0006646901
0.0004858943
0.0004277857
0.0004247454
0.0004210062
0.0005902355
0.0008206042
0.0007261080
0.0005198929
0.0006394789
0.0006598189
0.0005634953
0.0004451494
0.0011704592
0.0028371462
0.0025243844
0.0018219242
0.0019009363
0.0012371606
0.0007768174
0.0012657659
0.0021522208
0.0036930820
0.0030452180
0.0028376944
0.0016779126
0.0009012533
0.0007089090
0.0004793038
0.0006805873
0.0006063733
0.0004094898
0.0004700362
0.0004729346
0.0005319771
0.0006282724
0.0005643264
0.0006536691
0.0007078007
0.0012892593
0.0011410705
0.0006219710
0.0009099251
0.0036702401
0.0053369500
0.0054614675
0.0044059330
0.0042900185
0.0025771674
0.0014419278
0.0013975579
0.0015368720
0.0022667830
0.0017561405
0.0010902654
0.0025238399
0.0020178048
0.0027432743
0.0042795633
0.0033539534
0.0042380084
0.0022989855
0.0009249186
0.0009095224
0.0008945878
0.0029624856
0.0033631623
0.0032478673
0.0037195090
0.0033462163
0.0030969291
0.0049761771
0.0036311266
0.0030032628
0.0028244363
0.0018843073
0.0015899603
0.0018023723
0.0005222099
0.0004877103
0.0004837807
0.0004799139
0.0022572827
0.0044102161
0.0051176261
0.0030587328
0.0031060390
0.0023600407
0.0022915784
0.0013515549
0.0007319046
0.0007222805
0.0021608020
0.0041661870
0.0030464107
0.0023720963
0.0012463765
0.0004951531
0.0005519453
0.0006992164
0.0006347464
0.0004860762
0.0005425053
0.0006352141
0.0005731840
0.0004777126
0.0007145094
0.0007061067
0.0005273138
0.0006229922
0.0007915786
0.0009382073
0.0012353498
0.0012136522
0.0006859403
0.0004630182
0.0005190616
0.0007549741
0.0016059551
0.0014353366
0.0005338446
0.0004557378
0.0006796969
0.0006720886
0.0006646488
0.0008853275
0.0018088322
0.0029409021
0.0020466232
0.0013705955
0.0012188240
0.0009114947
0.0004947114
0.0005835810
0.0007340530
0.0025926262
0.0039254364
0.0027684324
0.0015426888
0.0005665193
0.0005612197
0.0005560182
0.0005509122
0.0005458990
0.0005409761
0.0006384009
0.0005962740
0.0004376952
0.0006385493
0.0005481381
