0.0500149528
0.0341314791
0.0144281309
0.0179752197
0.0121503085
0.0110707531
0.0099585312
0.0112991514
0.0111400353
0.0059733017
0.0114987942
0.0038476346
0.0023903298
0.0025811605
0.0031461108
0.0036122966
0.0029135611
0.0021447380
0.0033969043
0.0031668659
0.0021717728
0.0020912437
0.0022399970
0.0020259505
0.0029468108
0.0030042028
0.0020654360
0.0015670019
0.0015268525
0.0020986738
0.0020065444
0.0017075395
0.0018298229
0.0014769495
0.0013000668
0.0012723118
0.0015634216
0.0024814952
0.0023467417
0.0014680769
0.0012474896
0.0015111319
0.0016158642
0.0013057155
0.0011742566
0.0011579456
0.0012684683
0.0014296237
0.0018796668
0.0038065881
0.0030378588
0.0019551016
0.0024648241
0.0023782469
0.0047494925
0.0066483414
0.0064014123
0.0057126617
0.0067180624
0.0071574037
0.0075746824
0.0047871777
0.0032337645
0.0048763361
0.0056764488
0.0041850429
0.0022455440
0.0010483029
0.0010301828
0.0010126786
0.0009957593
0.0009793961
0.0049828344
0.0043969978
0.0042202956
0.0032437186
0.0021496219
0.0019464113
0.0018741390
0.0018768990
0.0012331920
0.0008974551
0.0011669712
0.0010487770
0.0011122981
0.0014585484
0.0025188326
0.0049877699
0.0065718961
0.0051573004
0.0052334164
0.0053002967
0.0036381880
0.0012457620
0.0018184779
0.0017770683
0.0011955726
0.0013302220
0.0013011786
0.0016217413
0.0027417800
0.0022936907
0.0013308186
0.0010964675
0.0013653431
0.0009441380
0.0006805547
0.0042501296
0.0041167831
0.0043935029
0.0051280371
0.0048849493
0.0056403684
0.0042503314
0.0036532778
0.0035910924
0.0017049166
0.0008420550
0.0010002164
0.0011580397
0.0009905140
0.0008175478
0.0009539489
0.0011009056
0.0009560110
0.0007944735
0.0018820636
0.0031169484
0.0030503545
0.0020130917
0.0018718018
0.0024819087
0.0023186258
0.0019679323
0.0013134327
0.0008184313
0.0007086183
0.0007417071
0.0007243866
0.0006853921
0.0006537065
0.0008163635
0.0008454438
0.0007226375
0.0014270274
0.0018107675
0.0014363690
0.0011904977
0.0008290908
0.0018937979
0.0022983224
0.0008087925
0.0007069087
0.0029489632
0.0043959055
0.0039777714
0.0048681620
0.0061322330
0.0047169037
0.0049043050
0.0037259121
0.0042573163
0.0032389231
0.0029305253
0.0032916929
0.0026503913
0.0009721036
0.0009713143
0.0009557384
0.0009406543
0.0009260389
0.0009118708
0.0008981297
0.0008847966
0.0017338333
0.0016541813
0.0010972573
0.0011611301
0.0010095733
0.0009292046
0.0013468739
0.0013829114
0.0009663941
0.0009007791
0.0008873678
0.0005512023
0.0006578574
0.0007681678
0.0006598265
0.0005906954
0.0007008522
0.0006428764
0.0006391768
0.0009594475
0.0008523450
0.0026209495
0.0039159845
0.0028787892
0.0013893744
0.0029662866
0.0035786302
0.0035605230
0.0055610476
0.0053663058
0.0022090531
0.0026775041
0.0020231538
0.0026671080
0.0019880185
0.0035297033
0.0054283743
0.0036484183
0.0033282395
0.0026774957
0.0036719616
0.0034618534
0.0012438606
0.0014642115
0.0010871852
0.0010674671
0.0010484431
0.0008600075
0.0010361757
0.0014371147
0.0012491045
0.0011593634
0.0014748322
0.0012835041
0.0011286493
0.0010196239
0.0008420853
0.0018729362
0.0033202236
0.0038468075
0.0025406950
0.0008829138
0.0005424976
0.0005187833
0.0005143069
0.0005099070
0.0005055818
0.0006434985
0.0006701590
0.0005589165
0.0007032807
0.0006676916
0.0004849218
0.0004847693
0.0005209621
0.0005468592
0.0005059824
0.0004768040
0.0005326710
0.0005396976
0.0004797722
0.0004692408
0.0005080789
0.0005372643
0.0007953874
0.0007677776
0.0004695221
0.0004619748
0.0004999833
0.0007193108
0.0009301715
0.0008270434
0.0029083218
0.0024702470
0.0030083690
0.0040518297
0.0030219779
0.0025937081
0.0015749030
0.0010782381
0.0010574659
0.0010374205
0.0009532643
0.0032561673
0.0024113882
0.0009030540
0.0006598247
0.0004823376
0.0004246544
0.0004216363
0.0004179245
0.0005859151
0.0008145976
0.0007207930
0.0005160874
0.0006347981
0.0006549892
0.0005593706
0.0004418910
0.0011618917
0.0028163789
0.0025059064
0.0018085881
0.0018870218
0.0012281049
0.0007711312
0.0012565008
0.0021364670
0.0036660494
0.0030229276
0.0028169230
0.0016656306
0.0008946563
0.0007037199
0.0004757953
0.0006756056
0.0006019348
0.0004064924
0.0004665956
0.0004694728
0.0005280831
0.0006236735
0.0005601956
0.0006488844
0.0007026198
0.0012798222
0.0011327181
0.0006174183
0.0009032646
0.0036433747
0.0052978846
0.0054214906
0.0043736825
0.0042586165
0.0025583031
0.0014313732
0.0013873281
0.0015256224
0.0022501907
0.0017432860
0.0010822849
0.0025053659
0.0020030349
0.0027231941
0.0042482377
0.0033294031
0.0042069870
0.0022821574
0.0009181484
0.0009028649
0.0008880396
0.0029408008
0.0033385447
0.0032240936
0.0036922830
0.0033217227
0.0030742602
0.0049397525
0.0036045475
0.0029812795
0.0028037620
0.0018705145
0.0015783221
0.0017891793
0.0005183874
0.0004841403
0.0004802395
0.0004764011
0.0022407598
0.0043779342
0.0050801661
0.0030363435
0.0030833035
0.0023427657
0.0022748045
0.0013416618
0.0007265473
0.0007169935
0.0021449854
0.0041356914
0.0030241116
0.0023547331
0.0012372533
0.0004915287
0.0005479052
0.0006940983
0.0006301002
0.0004825182
0.0005385343
0.0006305645
0.0005689884
0.0004742158
0.0007092794
0.0007009381
0.0005234540
0.0006184320
0.0007857844
0.0009313398
0.0012263073
0.0012047685
0.0006809193
0.0004596290
0.0005152622
0.0007494479
0.0015941998
0.0014248302
0.0005299370
0.0004524019
0.0006747216
0.0006671691
0.0006597837
0.0008788471
0.0017955919
0.0029193753
0.0020316423
0.0013605630
0.0012099025
0.0009048228
0.0004910902
0.0005793093
0.0007286799
0.0025736487
0.0038967030
0.0027481681
0.0015313967
0.0005623725
0.0005571117
0.0005519483
0.0005468796
0.0005419031
0.0005370163
0.0006337279
0.0005919094
0.0004344914
0.0006338752
0.0005441259
0.0006077512
0.0008297225
0.0010255973
0.0007894991
0.0003271134
0.0004449405
0.0006517716
0.0007963652
0.0010352728
0.0008117623
