0.0133590369
0.0071998491
0.0044412454
0.0046211235
0.0030833478
0.0039383189
0.0029407532
0.0039103088
0.0031775031
0.0035129792
0.0030822619
0.0034750543
0.0013042157
0.0021573822
0.0029254669
0.0027886158
0.0026619293
0.0019498973
0.0027882862
0.0029383608
0.0020337145
0.0024599770
0.0032253479
0.0030437762
0.0030612645
0.0026704423
0.0026819339
0.0020665403
0.0021502964
0.0029672099
0.0029529854
0.0030579382
0.0014767093
0.0036996275
0.0009110573
0.0023403009
0.0024700624
0.0026892126
0.0027442221
0.0029291603
0.0029199426
0.0029143298
0.0031372146
0.0015811267
0.0023176117
0.0023507461
0.0020260307
0.0024122982
0.0023637669
0.0022426494
0.0022100740
0.0020349730
0.0026700686
0.0022559244
0.0023570633
0.0016571428
0.0019814502
0.0022637472
0.0009970844
0.0021280624
0.0024242391
0.0029881090
0.0030760231
0.0024984638
0.0026956539
0.0028663575
0.0026772930
0.0016513664
0.0015155955
0.0024022914
0.0017098848
0.0014427965
0.0028067327
0.0017576902
0.0021010018
0.0028938040
0.0029111391
0.0025420629
0.0025499800
0.0031597366
0.0025928344
0.0027340277
0.0025666000
0.0018588266
0.0023966688
0.0021171519
0.0022257906
0.0014670698
0.0015122018
0.0015696930
0.0010818921
0.0013145122
0.0013867551
0.0019119482
0.0013184664
0.0010054347
0.0019321569
0.0025584867
0.0023137196
0.0020912340
0.0021157529
0.0017702614
0.0020685807
0.0017403674
0.0021006738
0.0014490556
0.0019739646
0.0024079237
0.0028721986
0.0014269339
0.0020682722
0.0026611722
0.0031081898
0.0030714868
0.0027692080
0.0024326772
0.0023172751
0.0023865730
0.0020578095
0.0029065490
0.0023878833
0.0032980448
0.0027905144
0.0024649089
0.0022024020
0.0025331174
0.0017972842
0.0029703957
0.0031251217
0.0024132663
0.0021147110
0.0027266389
0.0025352039
0.0015093180
0.0031401816
0.0029926358
0.0025627304
0.0026947542
0.0028613683
0.0014071976
0.0015533666
0.0018180954
0.0024858675
0.0025447942
0.0014474673
0.0025248199
0.0028180222
0.0013122773
0.0021592615
0.0025916484
0.0021188632
0.0015780314
0.0020000637
0.0017731222
0.0013131853
0.0019689542
0.0022230574
0.0021490704
0.0015289067
0.0016412647
0.0017133522
0.0020778111
0.0015973520
0.0013064700
0.0010817089
0.0011752736
0.0009897269
0.0010753463
0.0007235144
0.0022551401
0.0025968882
0.0025543201
0.0023424503
0.0022781947
0.0012382245
0.0019891493
0.0021821595
0.0020776698
0.0013892632
0.0019432861
0.0025523561
0.0021556124
0.0020409780
0.0019310233
0.0028589336
0.0017802745
0.0015277428
0.0015517621
0.0021826177
0.0013127984
0.0026317056
0.0021761636
0.0029764091
0.0026142556
0.0018683052
0.0021902375
0.0017426333
0.0017380667
0.0023996986
0.0022617828
0.0011230396
0.0011397640
0.0012218567
0.0017700813
0.0029848629
0.0015881147
0.0016467092
0.0017724150
0.0008361944
0.0015429203
0.0024750800
0.0020507853
0.0018313528
0.0013366744
0.0015734932
0.0014294154
0.0019395481
0.0022991049
0.0014268081
0.0006930388
0.0008734197
0.0014084459
0.0024719108
0.0019484336
0.0026156285
0.0023238838
0.0021261407
0.0029019393
0.0022274722
0.0027353900
0.0025154365
0.0022454063
0.0022323279
0.0028470094
0.0016998590
0.0012479143
0.0008733401
0.0006191358
0.0010334102
0.0012762887
0.0021108768
0.0024951127
0.0027914331
0.0022656404
0.0026006058
0.0019176769
0.0020973027
0.0018217042
0.0019235311
0.0030136913
0.0021429111
0.0029063968
0.0015262566
0.0028300331
0.0008312686
0.0018674356
0.0028866224
0.0015471377
0.0024888478
0.0019113749
0.0019283866
0.0023819581
0.0022403948
0.0016087141
0.0017377445
0.0018633506
0.0008594208
0.0009772420
0.0017011566
0.0020070101
0.0028036957
0.0018241213
0.0017868413
0.0023687656
0.0018699781
0.0027723581
0.0022093165
0.0026232985
0.0019604213
0.0014612092
0.0015849362
0.0012947519
0.0024066676
0.0023174279
0.0023224055
0.0020068908
0.0023985782
0.0022334312
0.0015270869
0.0019999464
0.0021429045
0.0028576732
0.0028792237
0.0021868610
0.0029604473
0.0014648819
0.0013926810
0.0014728562
0.0022829098
0.0027558654
0.0025572640
0.0028013887
0.0016072968
0.0024839872
0.0022828704
0.0026765164
0.0019996626
0.0021377263
0.0025593369
0.0032236870
0.0024435277
0.0012742071
0.0022634739
0.0025178478
0.0018516782
0.0026359125
0.0020136047
0.0022230948
0.0021420993
0.0024149668
0.0024625555
0.0020415874
0.0022765953
0.0025218521
0.0031131815
0.0022518563
0.0011369998
0.0026738548
0.0027791019
0.0016991740
0.0022667452
0.0017738643
0.0019174453
0.0017062769
0.0010498838
0.0021901070
0.0022853342
0.0028328039
0.0022688934
0.0030828839
0.0028630780
0.0023632174
0.0020807043
0.0021683805
0.0029159050
0.0023930448
0.0027438544
0.0022873756
0.0027802780
0.0029219150
0.0035975101
0.0021607407
0.0019627646
0.0026889460
0.0015218822
0.0023786518
0.0028850279
0.0029205690
0.0024879424
0.0022300711
0.0024173144
0.0019007642
0.0025226186
0.0022116322
0.0014716039
0.0027727379
0.0025020959
0.0024986605
0.0018107073
0.0021735652
0.0023449754
0.0028503742
0.0021043871
0.0023053115
0.0017987665
0.0026627625
0.0018557658
0.0016277794
0.0014990486
0.0022829550
0.0024956132
0.0031080027
0.0022754525
0.0015566642
0.0008875700
0.0020772753
0.0017443211
0.0014622923
0.0020310300
0.0022000371
0.0012434959
0.0014712934
0.0022397900
0.0023878601
0.0024753296
0.0022547319
0.0009430291
0.0012416615
0.0023766136
0.0016125057
0.0013029601
0.0017858392
0.0017173091
0.0025264397
0.0030696313
0.0024653091
0.0018562689
0.0011861414
0.0025546439
0.0015329354
0.0030495942
0.0031025985
0.0028496144
0.0023133571
0.0028512328
0.0028094951
0.0017599829
0.0025688349
0.0022222632
0.0024057839
0.0026265308
0.0023731363
0.0019327580
0.0026303299
0.0020320359
0.0017607402
0.0024165533
0.0021690253
0.0022446799
0.0023600764
0.0024330433
0.0016714662
0.0019648311
0.0011712884
0.0016784393
0.0026109562
0.0026917481
0.0011050214
0.0013737263
0.0016141821
0.0024218410
0.0014207643
0.0019040234
0.0026589997
0.0022734220
0.0022692175
0.0032393750
0.0023003669
0.0017827405
0.0018952096
