0.0487617318
0.0332762491
0.0140666062
0.0175248160
0.0118458591
0.0107933540
0.0097090010
0.0110160294
0.0108609003
0.0058236291
0.0112106697
0.0037512247
0.0023304355
0.0025164845
0.0030672789
0.0035217836
0.0028405562
0.0020909974
0.0033117883
0.0030875140
0.0021173548
0.0020388436
0.0021838695
0.0019751864
0.0028729728
0.0029289267
0.0020136826
0.0015277376
0.0014885943
0.0020460875
0.0019562666
0.0016647538
0.0017839732
0.0014399417
0.0012674912
0.0012404316
0.0015242470
0.0024193166
0.0022879395
0.0014312914
0.0012162314
0.0014732676
0.0015753756
0.0012729983
0.0011448333
0.0011289311
0.0012366843
0.0013938017
0.0018325681
0.0037112067
0.0029617394
0.0019061128
0.0024030632
0.0023186553
0.0046304849
0.0064817544
0.0062410126
0.0055695199
0.0065497284
0.0069780611
0.0073848842
0.0046672257
0.0031527363
0.0047541501
0.0055342144
0.0040801786
0.0021892776
0.0010220357
0.0010043696
0.0009873040
0.0009708086
0.0009548555
0.0048579799
0.0042868225
0.0041145480
0.0031624410
0.0020957590
0.0018976402
0.0018271788
0.0018298697
0.0012022920
0.0008749676
0.0011377305
0.0010224979
0.0010844274
0.0014220017
0.0024557184
0.0048627917
0.0064072246
0.0050280743
0.0051022831
0.0051674876
0.0035470262
0.0012145470
0.0017729124
0.0017325404
0.0011656152
0.0012968907
0.0012685751
0.0015811054
0.0026730794
0.0022362178
0.0012974724
0.0010689934
0.0013311318
0.0009204808
0.0006635021
0.0041436344
0.0040136291
0.0042834152
0.0049995442
0.0047625475
0.0054990381
0.0041438311
0.0035617379
0.0035011106
0.0016621966
0.0008209556
0.0009751541
0.0011290228
0.0009656948
0.0007970625
0.0009300459
0.0010733203
0.0009320563
0.0007745664
0.0018349049
0.0030388472
0.0029739220
0.0019626498
0.0018249002
0.0024197197
0.0022605282
0.0019186220
0.0012805221
0.0007979240
0.0006908625
0.0007231222
0.0007062357
0.0006682183
0.0006373267
0.0007959080
0.0008242596
0.0007045304
0.0013912704
0.0017653952
0.0014003780
0.0011606675
0.0008083163
0.0018463451
0.0022407335
0.0007885267
0.0006891958
0.0028750712
0.0042857576
0.0038781006
0.0047461808
0.0059785781
0.0045987126
0.0047814182
0.0036325522
0.0041506410
0.0031577657
0.0028570953
0.0032092132
0.0025839806
0.0009477457
0.0009469761
0.0009317905
0.0009170844
0.0009028352
0.0008890221
0.0008756253
0.0008626264
0.0016903887
0.0016127326
0.0010697634
0.0011320357
0.0009842765
0.0009059215
0.0013131254
0.0013482599
0.0009421793
0.0008782083
0.0008651331
0.0005373909
0.0006413735
0.0007489198
0.0006432933
0.0005758944
0.0006832910
0.0006267679
0.0006231610
0.0009354067
0.0008309879
0.0025552765
0.0038178620
0.0028066556
0.0013545609
0.0028919606
0.0034889608
0.0034713072
0.0054217049
0.0052318427
0.0021537010
0.0026104141
0.0019724597
0.0026002784
0.0019382049
0.0034412598
0.0052923559
0.0035570001
0.0032448440
0.0026104059
0.0035799535
0.0033751100
0.0012126933
0.0014275228
0.0010599436
0.0010407197
0.0010221723
0.0008384583
0.0010102123
0.0014011051
0.0012178058
0.0011303133
0.0014378775
0.0012513434
0.0011003688
0.0009940752
0.0008209852
0.0018260062
0.0032370290
0.0037504183
0.0024770330
0.0008607907
0.0005289042
0.0005057842
0.0005014199
0.0004971303
0.0004929135
0.0006273744
0.0006533669
0.0005449118
0.0006856587
0.0006509613
0.0004727712
0.0004726225
0.0005079084
0.0005331566
0.0004933041
0.0004648568
0.0005193239
0.0005261745
0.0004677505
0.0004574831
0.0004953480
0.0005238021
0.0007754574
0.0007485395
0.0004577573
0.0004503992
0.0004874552
0.0007012871
0.0009068642
0.0008063202
0.0028354482
0.0024083502
0.0029329885
0.0039503033
0.0029462564
0.0025287178
0.0015354408
0.0010512207
0.0010309690
0.0010114260
0.0009293784
0.0031745778
0.0023509662
0.0008804262
0.0006432916
0.0004702517
0.0004140139
0.0004110714
0.0004074526
0.0005712338
0.0007941862
0.0007027321
0.0005031558
0.0006188920
0.0006385771
0.0005453545
0.0004308185
0.0011327783
0.0027458091
0.0024431161
0.0017632704
0.0018397388
0.0011973323
0.0007518090
0.0012250167
0.0020829337
0.0035741895
0.0029471823
0.0027463396
0.0016238950
0.0008722390
0.0006860868
0.0004638734
0.0006586770
0.0005868522
0.0003963069
0.0004549042
0.0004577093
0.0005148510
0.0006080462
0.0005461588
0.0006326253
0.0006850143
0.0012477538
0.0011043356
0.0006019477
0.0008806316
0.0035520829
0.0051651359
0.0052856447
0.0042640914
0.0041519086
0.0024941998
0.0013955074
0.0013525659
0.0014873950
0.0021938078
0.0016996046
0.0010551662
0.0024425891
0.0019528450
0.0026549592
0.0041417900
0.0032459785
0.0041015728
0.0022249735
0.0008951424
0.0008802419
0.0008657881
0.0028671133
0.0032548910
0.0031433077
0.0035997657
0.0032384906
0.0029972286
0.0048159775
0.0035142287
0.0029065778
0.0027335084
0.0018236452
0.0015387742
0.0017443480
0.0005053982
0.0004720092
0.0004682062
0.0004644639
0.0021846133
0.0042682366
0.0049528727
0.0029602621
0.0030060454
0.0022840631
0.0022178049
0.0013080439
0.0007083422
0.0006990279
0.0020912386
0.0040320636
0.0029483366
0.0022957307
0.0012062515
0.0004792125
0.0005341764
0.0006767063
0.0006143119
0.0004704278
0.0005250402
0.0006147645
0.0005547313
0.0004623335
0.0006915070
0.0006833748
0.0005103378
0.0006029360
0.0007660951
0.0009080033
0.0011955798
0.0011745807
0.0006638576
0.0004481121
0.0005023513
0.0007306690
0.0015542541
0.0013891284
0.0005166584
0.0004410661
0.0006578152
0.0006504519
0.0006432516
0.0008568258
0.0017505999
0.0028462247
0.0019807356
0.0013264714
0.0011795861
0.0008821507
0.0004787850
0.0005647936
0.0007104214
0.0025091610
0.0037990636
0.0026793074
0.0014930246
0.0005482812
0.0005431522
0.0005381181
0.0005331765
0.0005283247
0.0005235603
0.0006178486
0.0005770780
0.0004236044
0.0006179923
0.0005304918
0.0005925228
0.0008089323
0.0009998989
0.0007697167
0.0003189170
0.0004337916
0.0006354402
0.0007764107
0.0010093320
0.0007914221
0.0003570480
0.0004222172
0.0004382469
0.0004146870
0.0003955306
0.0004163277
0.0004319091
0.0004087408
0.0005928565
0.0013347157
0.0028179524
0.0030630095
0.0028386425
0.0018795225
0.0016312848
0.0015704240
0.0015129407
0.0017702091
0.0016918980
0.0010687645
