0.0484728931
0.0330791382
0.0139832831
0.0174210082
0.0117756905
0.0107294199
0.0096514900
0.0109507763
0.0107965661
0.0057891330
0.0111442636
0.0037290045
0.0023166312
0.0025015782
0.0030491100
0.0035009224
0.0028237302
0.0020786114
0.0032921710
0.0030692252
0.0021048127
0.0020267665
0.0021709334
0.0019634864
0.0028559548
0.0029115773
0.0020017546
0.0015186881
0.0014797766
0.0020339676
0.0019446787
0.0016548927
0.0017734058
0.0014314122
0.0012599832
0.0012330839
0.0015152182
0.0024049858
0.0022743870
0.0014228132
0.0012090271
0.0014645407
0.0015660440
0.0012654577
0.0011380520
0.0011222439
0.0012293589
0.0013855455
0.0018217129
0.0036892234
0.0029441957
0.0018948220
0.0023888287
0.0023049208
0.0046030563
0.0064433599
0.0062040441
0.0055365290
0.0065109313
0.0069367268
0.0073411400
0.0046395796
0.0031340611
0.0047259890
0.0055014327
0.0040560098
0.0021763095
0.0010159817
0.0009984203
0.0009814557
0.0009650581
0.0009491994
0.0048292038
0.0042614297
0.0040901756
0.0031437084
0.0020833448
0.0018863996
0.0018163556
0.0018190305
0.0011951702
0.0008697848
0.0011309912
0.0010164411
0.0010780038
0.0014135785
0.0024411720
0.0048339871
0.0063692716
0.0049982906
0.0050720599
0.0051368781
0.0035260155
0.0012073526
0.0017624106
0.0017222777
0.0011587107
0.0012892086
0.0012610607
0.0015717398
0.0026572455
0.0022229717
0.0012897868
0.0010626612
0.0013232468
0.0009150284
0.0006595719
0.0041190897
0.0039898545
0.0042580425
0.0049699296
0.0047343367
0.0054664647
0.0041192852
0.0035406401
0.0034803719
0.0016523506
0.0008160927
0.0009693778
0.0011223351
0.0009599745
0.0007923412
0.0009245368
0.0010669625
0.0009265353
0.0007699783
0.0018240358
0.0030208467
0.0029563061
0.0019510241
0.0018140904
0.0024053866
0.0022471380
0.0019072571
0.0012729370
0.0007931975
0.0006867702
0.0007188388
0.0007020523
0.0006642601
0.0006335515
0.0007911934
0.0008193771
0.0007003571
0.0013830293
0.0017549379
0.0013920829
0.0011537923
0.0008035283
0.0018354084
0.0022274605
0.0007838559
0.0006851133
0.0028580408
0.0042603710
0.0038551288
0.0047180669
0.0059431641
0.0045714722
0.0047530956
0.0036110349
0.0041260548
0.0031390607
0.0028401714
0.0031902035
0.0025686745
0.0009421317
0.0009413667
0.0009262711
0.0009116520
0.0008974873
0.0008837560
0.0008704386
0.0008575166
0.0016803758
0.0016031797
0.0010634267
0.0011253302
0.0009784462
0.0009005553
0.0013053471
0.0013402735
0.0009365983
0.0008730063
0.0008600085
0.0005342077
0.0006375743
0.0007444836
0.0006394828
0.0005724831
0.0006792435
0.0006230553
0.0006194697
0.0009298659
0.0008260655
0.0025401404
0.0037952470
0.0027900305
0.0013465372
0.0028748302
0.0034682940
0.0034507450
0.0053895896
0.0052008520
0.0021409436
0.0025949514
0.0019607759
0.0025848758
0.0019267240
0.0034208755
0.0052610068
0.0035359303
0.0032256233
0.0025949432
0.0035587477
0.0033551176
0.0012055100
0.0014190669
0.0010536651
0.0010345550
0.0010161175
0.0008334918
0.0010042284
0.0013928057
0.0012105921
0.0011236179
0.0014293603
0.0012439311
0.0010938508
0.0009881868
0.0008161222
0.0018151899
0.0032178545
0.0037282028
0.0024623604
0.0008556918
0.0005257713
0.0005027882
0.0004984498
0.0004941856
0.0004899937
0.0006236582
0.0006494967
0.0005416840
0.0006815972
0.0006471054
0.0004699707
0.0004698229
0.0005048998
0.0005299984
0.0004903820
0.0004621032
0.0005162477
0.0005230577
0.0004649798
0.0004547732
0.0004924139
0.0005206994
0.0007708640
0.0007441055
0.0004550458
0.0004477312
0.0004845678
0.0006971330
0.0009014924
0.0008015440
0.0028186525
0.0023940844
0.0029156150
0.0039269037
0.0029288044
0.0025137390
0.0015263456
0.0010449939
0.0010248621
0.0010054348
0.0009238732
0.0031557733
0.0023370403
0.0008752110
0.0006394810
0.0004674662
0.0004115615
0.0004086364
0.0004050391
0.0005678501
0.0007894819
0.0006985695
0.0005001754
0.0006152260
0.0006347946
0.0005421241
0.0004282666
0.0011260683
0.0027295443
0.0024286444
0.0017528257
0.0018288412
0.0011902400
0.0007473557
0.0012177604
0.0020705955
0.0035530178
0.0029297248
0.0027300717
0.0016142759
0.0008670723
0.0006820228
0.0004611256
0.0006547753
0.0005833760
0.0003939594
0.0004522095
0.0004549980
0.0005118013
0.0006044444
0.0005429237
0.0006288780
0.0006809566
0.0012403628
0.0010977941
0.0005983821
0.0008754152
0.0035310423
0.0051345404
0.0052543354
0.0042388332
0.0041273149
0.0024794255
0.0013872412
0.0013445540
0.0014785844
0.0021808128
0.0016895370
0.0010489159
0.0024281205
0.0019412773
0.0026392326
0.0041172562
0.0032267511
0.0040772773
0.0022117940
0.0008898400
0.0008750278
0.0008606596
0.0028501301
0.0032356107
0.0031246884
0.0035784426
0.0032193074
0.0029794747
0.0047874502
0.0034934122
0.0028893607
0.0027173165
0.0018128429
0.0015296593
0.0017340154
0.0005024045
0.0004692133
0.0004654328
0.0004617127
0.0021716728
0.0042429539
0.0049235346
0.0029427271
0.0029882391
0.0022705336
0.0022046678
0.0013002957
0.0007041464
0.0006948872
0.0020788513
0.0040081798
0.0029308722
0.0022821320
0.0011991063
0.0004763739
0.0005310122
0.0006726979
0.0006106730
0.0004676412
0.0005219302
0.0006111229
0.0005514454
0.0004595948
0.0006874109
0.0006793268
0.0005073148
0.0005993646
0.0007615572
0.0009026248
0.0011884978
0.0011676231
0.0006599252
0.0004454577
0.0004993757
0.0007263409
0.0015450475
0.0013808999
0.0005135980
0.0004384535
0.0006539186
0.0006465990
0.0006394413
0.0008517505
0.0017402303
0.0028293652
0.0019690028
0.0013186141
0.0011725988
0.0008769253
0.0004759490
0.0005614480
0.0007062132
0.0024942981
0.0037765600
0.0026634366
0.0014841807
0.0005450335
0.0005399348
0.0005349306
0.0005300182
0.0005251952
0.0005204590
0.0006141888
0.0005736597
0.0004210952
0.0006143316
0.0005273494
0.0005890130
0.0008041406
0.0009939761
0.0007651573
0.0003170279
0.0004312221
0.0006316762
0.0007718116
0.0010033533
0.0007867341
0.0003549330
0.0004197162
0.0004356510
0.0004122306
0.0003931877
0.0004138616
0.0004293507
0.0004063196
0.0005893447
0.0013268095
0.0028012604
0.0030448659
0.0028218279
0.0018683892
0.0016216219
0.0015611216
0.0015039789
0.0017597233
0.0016818760
0.0010624337
0.0005858487
0.0005799668
0.0005742018
0.0005685503
0.0005630089
0.0005575746
0.0005522441
0.0005505462
0.0005972645
0.0007942653
