0.0482004771
0.0328932346
0.0139046975
0.0173231028
0.0117095116
0.0106691210
0.0095972490
0.0108892333
0.0107358897
0.0057565983
0.0110816333
0.0037080476
0.0023036118
0.0024875194
0.0030319741
0.0034812473
0.0028078609
0.0020669297
0.0032736691
0.0030519763
0.0020929837
0.0020153762
0.0021587329
0.0019524517
0.0028399045
0.0028952144
0.0019905048
0.0015101532
0.0014714603
0.0020225367
0.0019337497
0.0016455923
0.0017634394
0.0014233677
0.0012529021
0.0012261540
0.0015067027
0.0023914699
0.0022616050
0.0014148170
0.0012022324
0.0014563100
0.0015572428
0.0012583459
0.0011316561
0.0011159369
0.0012224499
0.0013777588
0.0018114750
0.0036684901
0.0029276494
0.0018841731
0.0023754036
0.0022919673
0.0045771873
0.0064071484
0.0061691776
0.0055054139
0.0064743401
0.0068977426
0.0072998831
0.0046135053
0.0031164478
0.0046994291
0.0054705148
0.0040332152
0.0021640787
0.0010102719
0.0009928092
0.0009759400
0.0009596345
0.0009438649
0.0048020639
0.0042374806
0.0040671889
0.0031260409
0.0020716365
0.0018757981
0.0018061477
0.0018088076
0.0011884534
0.0008648966
0.0011246350
0.0010107288
0.0010719454
0.0014056342
0.0024274527
0.0048068202
0.0063334765
0.0049702004
0.0050435551
0.0051080090
0.0035061994
0.0012005674
0.0017525059
0.0017125986
0.0011521988
0.0012819633
0.0012539736
0.0015629067
0.0026423119
0.0022104787
0.0012825383
0.0010566891
0.0013158102
0.0009098859
0.0006558651
0.0040959405
0.0039674317
0.0042341124
0.0049419988
0.0047077299
0.0054357434
0.0040961350
0.0035207418
0.0034608124
0.0016430645
0.0008115063
0.0009639299
0.0011160276
0.0009545795
0.0007878882
0.0009193409
0.0010609662
0.0009213282
0.0007656511
0.0018137848
0.0030038697
0.0029396917
0.0019400594
0.0018038953
0.0023918684
0.0022345092
0.0018965384
0.0012657831
0.0007887397
0.0006829106
0.0007147990
0.0006981068
0.0006605270
0.0006299909
0.0007867470
0.0008147723
0.0006964211
0.0013752567
0.0017450753
0.0013842595
0.0011473080
0.0007990125
0.0018250934
0.0022149423
0.0007794506
0.0006812630
0.0028419787
0.0042364279
0.0038334631
0.0046915516
0.0059097638
0.0045457807
0.0047263833
0.0035907410
0.0041028666
0.0031214193
0.0028242097
0.0031722747
0.0025542386
0.0009368370
0.0009360763
0.0009210655
0.0009065286
0.0008924434
0.0008787893
0.0008655468
0.0008526974
0.0016709321
0.0015941698
0.0010574503
0.0011190058
0.0009729474
0.0008954943
0.0012980111
0.0013327412
0.0009313347
0.0008681000
0.0008551753
0.0005312054
0.0006339912
0.0007402997
0.0006358889
0.0005692658
0.0006754262
0.0006195538
0.0006159883
0.0009246401
0.0008214231
0.0025258649
0.0037739178
0.0027743506
0.0013389697
0.0028586737
0.0034488023
0.0034313520
0.0053593003
0.0051716234
0.0021289116
0.0025803679
0.0019497564
0.0025703488
0.0019158958
0.0034016503
0.0052314401
0.0035160585
0.0032074954
0.0025803597
0.0035387477
0.0033362620
0.0011987350
0.0014110918
0.0010477435
0.0010287408
0.0010104070
0.0008288076
0.0009985846
0.0013849781
0.0012037887
0.0011173032
0.0014213273
0.0012369402
0.0010877034
0.0009826333
0.0008115356
0.0018049886
0.0031997703
0.0037072504
0.0024485220
0.0008508829
0.0005228165
0.0004999626
0.0004956485
0.0004914083
0.0004872400
0.0006201532
0.0006458465
0.0005386398
0.0006777666
0.0006434687
0.0004673295
0.0004671825
0.0005020623
0.0005270198
0.0004876261
0.0004595062
0.0005133464
0.0005201181
0.0004623667
0.0004522174
0.0004896465
0.0005177731
0.0007665318
0.0007399237
0.0004524885
0.0004452150
0.0004818446
0.0006932152
0.0008964261
0.0007970394
0.0028028118
0.0023806297
0.0028992294
0.0039048347
0.0029123446
0.0024996119
0.0015177676
0.0010391210
0.0010191024
0.0009997843
0.0009186811
0.0031380379
0.0023239062
0.0008702924
0.0006358872
0.0004648391
0.0004092485
0.0004063399
0.0004027628
0.0005646588
0.0007850450
0.0006946436
0.0004973644
0.0006117685
0.0006312270
0.0005390774
0.0004258598
0.0011197398
0.0027142044
0.0024149955
0.0017429749
0.0018185632
0.0011835509
0.0007431556
0.0012109166
0.0020589588
0.0035330500
0.0029132598
0.0027147288
0.0016052038
0.0008621994
0.0006781899
0.0004585341
0.0006510955
0.0005800974
0.0003917454
0.0004496681
0.0004524410
0.0005089250
0.0006010475
0.0005398725
0.0006253437
0.0006771297
0.0012333920
0.0010916246
0.0005950192
0.0008704954
0.0035111979
0.0051056844
0.0052248062
0.0042150111
0.0041041195
0.0024654912
0.0013794449
0.0013369977
0.0014702748
0.0021685567
0.0016800419
0.0010430210
0.0024144745
0.0019303674
0.0026244002
0.0040941174
0.0032086168
0.0040543631
0.0021993638
0.0008848392
0.0008701101
0.0008558227
0.0028341124
0.0032174267
0.0031071278
0.0035583319
0.0032012151
0.0029627301
0.0047605449
0.0034737794
0.0028731226
0.0027020453
0.0018026548
0.0015210627
0.0017242703
0.0004995810
0.0004665763
0.0004628171
0.0004591179
0.0021594681
0.0042191086
0.0048958645
0.0029261891
0.0029714453
0.0022577732
0.0021922776
0.0012929881
0.0007001891
0.0006909820
0.0020671682
0.0039856540
0.0029144008
0.0022693065
0.0011923674
0.0004736967
0.0005280279
0.0006689173
0.0006072410
0.0004650131
0.0005189970
0.0006076884
0.0005483463
0.0004570119
0.0006835477
0.0006755090
0.0005044637
0.0005959961
0.0007572772
0.0008975521
0.0011818185
0.0011610611
0.0006562165
0.0004429543
0.0004965692
0.0007222589
0.0015363644
0.0013731393
0.0005107115
0.0004359894
0.0006502436
0.0006429651
0.0006358477
0.0008469637
0.0017304503
0.0028134642
0.0019579371
0.0013112036
0.0011660089
0.0008719970
0.0004732742
0.0005582927
0.0007022444
0.0024802802
0.0037553358
0.0026484682
0.0014758396
0.0005419704
0.0005369004
0.0005319243
0.0005270395
0.0005222436
0.0005175341
0.0006107371
0.0005704357
0.0004187286
0.0006108791
0.0005243857
0.0005857028
0.0007996213
0.0009883900
0.0007608572
0.0003152462
0.0004287986
0.0006281262
0.0007674741
0.0009977145
0.0007823127
0.0003529383
0.0004173574
0.0004332026
0.0004099139
0.0003909780
0.0004115357
0.0004269377
0.0004040361
0.0005860326
0.0013193529
0.0027855174
0.0030277538
0.0028059693
0.0018578889
0.0016125085
0.0015523481
0.0014955266
0.0017498338
0.0016724240
0.0010564628
0.0005825562
0.0005767074
0.0005709748
0.0005653550
0.0005598449
0.0005544410
0.0005491406
0.0005474522
0.0005939079
0.0007898015
0.0007321749
0.0005369911
0.0005794579
0.0005714280
0.0005250770
0.0005247132
0.0005659338
0.0005580358
0.0005131303
0.0005130227
