0.0123962832
0.0066809733
0.0041211755
0.0042880903
0.0028611383
0.0036544937
0.0027288202
0.0036285022
0.0029485081
0.0032598072
0.0028601307
0.0032246154
0.0012102240
0.0020019048
0.0027146355
0.0025876469
0.0024700905
0.0018093729
0.0025873411
0.0027266001
0.0018871496
0.0022826924
0.0029929048
0.0028244186
0.0028406465
0.0024779900
0.0024886533
0.0019176097
0.0019953297
0.0027533702
0.0027401708
0.0028375599
0.0013702864
0.0034330042
0.0008453996
0.0021716411
0.0022920509
0.0024954075
0.0025464526
0.0027180627
0.0027095094
0.0027043011
0.0029111231
0.0014671787
0.0021505870
0.0021813335
0.0018800196
0.0022384497
0.0021934159
0.0020810270
0.0020507992
0.0018883174
0.0024776432
0.0020933453
0.0021871954
0.0015377165
0.0018386518
0.0021006044
0.0009252269
0.0019746980
0.0022495300
0.0027727631
0.0028543415
0.0023184055
0.0025013846
0.0026597860
0.0024843469
0.0015323564
0.0014063701
0.0022291640
0.0015866575
0.0013388176
0.0026044582
0.0016310177
0.0019495877
0.0026852545
0.0027013403
0.0023588626
0.0023662090
0.0029320220
0.0024059750
0.0025369929
0.0023816313
0.0017248655
0.0022239466
0.0019645739
0.0020653832
0.0013613416
0.0014032211
0.0014565690
0.0010039227
0.0012197785
0.0012868150
0.0017741587
0.0012234477
0.0009329755
0.0017929110
0.0023741027
0.0021469754
0.0019405238
0.0019632757
0.0016426829
0.0019195031
0.0016149433
0.0019492832
0.0013446256
0.0018317057
0.0022343904
0.0026652061
0.0013240982
0.0019192168
0.0024693879
0.0028841900
0.0028501321
0.0025696378
0.0022573600
0.0021502746
0.0022145784
0.0019095081
0.0026970810
0.0022157943
0.0030603627
0.0025894088
0.0022872688
0.0020436801
0.0023505618
0.0016677583
0.0027563264
0.0028999017
0.0022393479
0.0019623088
0.0025301366
0.0023524978
0.0014005451
0.0029138763
0.0027769638
0.0023780405
0.0025005497
0.0026551564
0.0013057843
0.0014414192
0.0016870696
0.0023067170
0.0023613970
0.0013431518
0.0023428622
0.0026149341
0.0012177047
0.0020036487
0.0024048745
0.0019661618
0.0014643065
0.0018559239
0.0016453375
0.0012185472
0.0018270564
0.0020628470
0.0019941921
0.0014187220
0.0015229827
0.0015898751
0.0019280683
0.0014822346
0.0012123158
0.0010037527
0.0010905745
0.0009183996
0.0009978487
0.0006713725
0.0020926176
0.0024097367
0.0023702364
0.0021736355
0.0021140107
0.0011489887
0.0018457961
0.0020248965
0.0019279371
0.0012891424
0.0018032382
0.0023684140
0.0020002626
0.0018938896
0.0017918591
0.0026528971
0.0016519744
0.0014176420
0.0014399303
0.0020253217
0.0012181882
0.0024420449
0.0020193327
0.0027619064
0.0024258525
0.0017336609
0.0020323923
0.0016170459
0.0016128084
0.0022267581
0.0020987815
0.0010421049
0.0010576239
0.0011338004
0.0016425158
0.0027697510
0.0014736631
0.0015280348
0.0016446813
0.0007759319
0.0014317258
0.0022967069
0.0019029901
0.0016993716
0.0012403435
0.0014600953
0.0013264009
0.0017997695
0.0021334140
0.0013239815
0.0006430931
0.0008104744
0.0013069426
0.0022937661
0.0018080147
0.0024271264
0.0021564071
0.0019729149
0.0026928035
0.0020669436
0.0025382570
0.0023341551
0.0020835853
0.0020714494
0.0026418323
0.0015773542
0.0011579801
0.0008104006
0.0005745162
0.0009589349
0.0011843097
0.0019587510
0.0023152959
0.0025902612
0.0021023611
0.0024131864
0.0017794745
0.0019461552
0.0016904184
0.0017849068
0.0027965018
0.0019884766
0.0026969398
0.0014162629
0.0026260794
0.0007713611
0.0017328540
0.0026785905
0.0014356392
0.0023094825
0.0017736267
0.0017894124
0.0022102961
0.0020789349
0.0014927779
0.0016125095
0.0017290634
0.0007974844
0.0009068145
0.0015785583
0.0018623697
0.0026016401
0.0016926613
0.0016580679
0.0021980543
0.0017352133
0.0025725609
0.0020500964
0.0024342436
0.0018191384
0.0013559034
0.0014707136
0.0012014423
0.0022332248
0.0021504164
0.0021550353
0.0018622590
0.0022257184
0.0020724731
0.0014170334
0.0018558151
0.0019884705
0.0026517275
0.0026717250
0.0020292592
0.0027470949
0.0013593114
0.0012923138
0.0013667110
0.0021183860
0.0025572568
0.0023729681
0.0025994993
0.0014914628
0.0023049722
0.0021183494
0.0024836263
0.0018555517
0.0019836655
0.0023748916
0.0029913636
0.0022674286
0.0011823780
0.0021003507
0.0023363925
0.0017182322
0.0024459486
0.0018684890
0.0020628816
0.0019877233
0.0022409259
0.0022850851
0.0018944551
0.0021125266
0.0023401083
0.0028888220
0.0020895704
0.0010550589
0.0024811565
0.0025788187
0.0015767186
0.0021033863
0.0016460261
0.0017792596
0.0015833097
0.0009742212
0.0020322712
0.0021206356
0.0026286505
0.0021053797
0.0028607078
0.0026567429
0.0021929060
0.0019307530
0.0020121105
0.0027057627
0.0022205838
0.0025461114
0.0021225299
0.0025799100
0.0027113396
0.0033382462
0.0020050213
0.0018213128
0.0024951601
0.0014122038
0.0022072280
0.0026771109
0.0027100906
0.0023086423
0.0020693552
0.0022431043
0.0017637807
0.0023408195
0.0020522452
0.0013655489
0.0025729133
0.0023217758
0.0023185881
0.0016802140
0.0020169216
0.0021759787
0.0026449546
0.0019527290
0.0021391732
0.0016691337
0.0024708636
0.0017220252
0.0015104692
0.0013910158
0.0021184279
0.0023157604
0.0028840164
0.0021114661
0.0014444791
0.0008236050
0.0019275711
0.0016186121
0.0013569084
0.0018846586
0.0020414857
0.0011538801
0.0013652608
0.0020783737
0.0022157727
0.0022969385
0.0020922388
0.0008750673
0.0011521780
0.0022053367
0.0014962963
0.0012090589
0.0016571380
0.0015935468
0.0023443652
0.0028484103
0.0022876402
0.0017224921
0.0011006590
0.0023705369
0.0014224604
0.0028298173
0.0028790017
0.0026442495
0.0021466390
0.0026457513
0.0026070215
0.0016331452
0.0023837051
0.0020621100
0.0022324048
0.0024372430
0.0022021101
0.0017934688
0.0024407683
0.0018855919
0.0016338478
0.0022423981
0.0020127089
0.0020829112
0.0021899913
0.0022576997
0.0015510076
0.0018232304
0.0010868765
0.0015574782
0.0024227909
0.0024977603
0.0010253851
0.0012747251
0.0014978518
0.0022473047
0.0013183732
0.0017668050
0.0024673720
0.0021095820
0.0021056804
0.0030059211
0.0021345850
0.0016542627
0.0017586264
0.0022010685
0.0022191097
0.0011606192
0.0015381466
0.0024201027
0.0012001375
0.0010512169
0.0018478576
0.0009312214
0.0017315573
0.0007814456
0.0010225741
0.0009282035
0.0019118923
0.0022719199
0.0024632209
0.0015818722
0.0017462917
0.0014686854
0.0022929033
0.0015252943
0.0020084605
0.0014064298
0.0016133610
0.0016724073
0.0013220646
0.0021270395
0.0019858082
0.0026293448
0.0012670311
0.0022173662
0.0026597776
0.0031325222
0.0029866050
0.0020259739
0.0017607497
0.0016854747
0.0022962732
0.0018447994
0.0011307702
