0.0877997740
0.0473196629
0.0291892554
0.0303714710
0.0202647273
0.0258838653
0.0193275511
0.0256997737
0.0208835453
0.0230883994
0.0202575904
0.0228391448
0.0085717140
0.0141789913
0.0192270843
0.0183276560
0.0174950330
0.0128153358
0.0183254899
0.0193118270
0.0133662084
0.0161677393
0.0211979962
0.0200046505
0.0201195889
0.0175509833
0.0176265093
0.0135819497
0.0141324210
0.0195014328
0.0194079448
0.0200977275
0.0097053960
0.0243151103
0.0059877541
0.0153811906
0.0162340235
0.0176743476
0.0180358868
0.0192513584
0.0191907773
0.0191538882
0.0206187570
0.0103916597
0.0152320696
0.0154498398
0.0133157084
0.0158543794
0.0155354160
0.0147393938
