0.0475604585
0.0324564696
0.0137200673
0.0170930821
0.0115540296
0.0105274536
0.0094698142
0.0107446432
0.0105933358
0.0056801607
0.0109344884
0.0036588112
0.0022730239
0.0024544895
0.0029917147
0.0034350224
0.0027705774
0.0020394845
0.0032302005
0.0030114513
0.0020651926
0.0019886155
0.0021300686
0.0019265266
0.0028021955
0.0028567709
0.0019640743
0.0014901009
0.0014519219
0.0019956810
0.0019080728
0.0016237417
0.0017400240
0.0014044679
0.0012362658
0.0012098728
0.0014866963
0.0023597153
0.0022315748
0.0013960307
0.0011862688
0.0014369728
0.0015365654
0.0012416373
0.0011166297
0.0011011192
0.0012062179
0.0013594646
0.0017874217
0.0036197790
0.0028887753
0.0018591546
0.0023438624
0.0022615339
0.0045164102
0.0063220726
0.0060872617
0.0054323116
0.0063883721
0.0068061526
0.0072029533
0.0045522459
0.0030750668
0.0046370288
0.0053978759
0.0039796611
0.0021353435
0.0009968572
0.0009796264
0.0009629812
0.0009468922
0.0009313320
0.0047383008
0.0041812142
0.0040131837
0.0030845325
0.0020441288
0.0018508907
0.0017821652
0.0017847898
0.0011726728
0.0008534123
0.0011097018
0.0009973080
0.0010577119
0.0013869698
0.0023952204
0.0047429940
0.0062493789
0.0049042048
0.0049765854
0.0050401835
0.0034596432
0.0011846259
0.0017292357
0.0016898583
0.0011368996
0.0012649410
0.0012373230
0.0015421540
0.0026072266
0.0021811273
0.0012655084
0.0010426581
0.0012983386
0.0008978042
0.0006471564
0.0040415536
0.0039147511
0.0041778908
0.0048763776
0.0046452194
0.0053635661
0.0040417455
0.0034739925
0.0034148588
0.0016212474
0.0008007309
0.0009511306
0.0011012087
0.0009419043
0.0007774264
0.0009071337
0.0010468785
0.0009090946
0.0007554845
0.0017897009
0.0029639835
0.0029006577
0.0019142988
0.0017799427
0.0023601086
0.0022048388
0.0018713557
0.0012489757
0.0007782667
0.0006738427
0.0007053077
0.0006888372
0.0006517563
0.0006216258
0.0007763003
0.0008039535
0.0006871739
0.0013569957
0.0017219037
0.0013658789
0.0011320738
0.0007884030
0.0018008594
0.0021855317
0.0007691009
0.0006722170
0.0028042422
0.0041801755
0.0037825614
0.0046292559
0.0058312924
0.0044854207
0.0046636252
0.0035430622
0.0040483876
0.0030799723
0.0027867091
0.0031301524
0.0025203228
0.0009243974
0.0009236468
0.0009088354
0.0008944915
0.0008805933
0.0008671205
0.0008540538
0.0008413751
0.0016487450
0.0015730020
0.0010434092
0.0011041474
0.0009600283
0.0008836036
0.0012807758
0.0013150447
0.0009189681
0.0008565732
0.0008438201
0.0005241520
0.0006255729
0.0007304698
0.0006274454
0.0005617069
0.0006664577
0.0006113272
0.0006078091
0.0009123625
0.0008105160
0.0024923258
0.0037238068
0.0027375120
0.0013211905
0.0028207155
0.0034030082
0.0033857896
0.0052881381
0.0051029533
0.0021006434
0.0025461051
0.0019238671
0.0025362191
0.0018904561
0.0033564823
0.0051619757
0.0034693714
0.0031649054
0.0025460970
0.0034917593
0.0032919622
0.0011828179
0.0013923550
0.0010338313
0.0010150809
0.0009969905
0.0008178024
0.0009853252
0.0013665880
0.0011878044
0.0011024674
0.0014024545
0.0012205158
0.0010732606
0.0009695856
0.0008007598
0.0017810215
0.0031572829
0.0036580246
0.0024160099
0.0008395846
0.0005158744
0.0004933239
0.0004890672
0.0004848832
0.0004807703
0.0006119187
0.0006372708
0.0005314876
0.0006687671
0.0006349245
0.0004611242
0.0004609791
0.0004953958
0.0005200219
0.0004811512
0.0004534047
0.0005065301
0.0005132118
0.0004562272
0.0004462127
0.0004831448
0.0005108979
0.0007563536
0.0007300988
0.0004464802
0.0004393033
0.0004754465
0.0006840105
0.0008845231
0.0007864561
0.0027655953
0.0023490191
0.0028607326
0.0038529853
0.0028736737
0.0024664214
0.0014976143
0.0010253233
0.0010055705
0.0009865089
0.0009064826
0.0030963702
0.0022930488
0.0008587364
0.0006274437
0.0004586668
0.0004038144
0.0004009444
0.0003974148
0.0005571612
0.0007746210
0.0006854199
0.0004907603
0.0006036452
0.0006228454
0.0005319194
0.0004202051
0.0011048716
0.0026781645
0.0023829285
0.0017198312
0.0017944158
0.0011678354
0.0007332878
0.0011948377
0.0020316194
0.0034861372
0.0028745768
0.0026786819
0.0015838894
0.0008507509
0.0006691847
0.0004524456
0.0006424501
0.0005723947
0.0003865437
0.0004436973
0.0004464333
0.0005021674
0.0005930666
0.0005327039
0.0006170402
0.0006681386
0.0012170147
0.0010771297
0.0005871184
0.0008589367
0.0034645753
0.0050378898
0.0051554298
0.0041590431
0.0040496240
0.0024327538
0.0013611283
0.0013192447
0.0014507521
0.0021397621
0.0016577338
0.0010291715
0.0023824145
0.0019047355
0.0025895528
0.0040397546
0.0031660120
0.0040005282
0.0021701600
0.0008730900
0.0008585566
0.0008444589
0.0027964804
0.0031747049
0.0030658705
0.0035110834
0.0031587085
0.0029233902
0.0046973332
0.0034276536
0.0028349726
0.0026661668
0.0017787186
0.0015008656
0.0017013750
0.0004929475
0.0004603810
0.0004566717
0.0004530216
0.0021307941
0.0041630862
0.0048308559
0.0028873343
0.0029319897
0.0022277939
0.0021631680
0.0012758194
0.0006908918
0.0006818069
0.0020397198
0.0039327314
0.0028757026
0.0022391741
0.0011765348
0.0004674069
0.0005210166
0.0006600353
0.0005991779
0.0004588385
0.0005121056
0.0005996194
0.0005410652
0.0004509436
0.0006744714
0.0006665394
0.0004977653
0.0005880824
0.0007472219
0.0008856341
0.0011661260
0.0011456443
0.0006475031
0.0004370726
0.0004899756
0.0007126686
0.0015159641
0.0013549064
0.0005039302
0.0004302002
0.0006416095
0.0006344276
0.0006274047
0.0008357174
0.0017074729
0.0027761063
0.0019319391
0.0012937931
0.0011505263
0.0008604184
0.0004669899
0.0005508796
0.0006929198
0.0024473464
0.0037054715
0.0026133011
0.0014562430
0.0005347740
0.0005297713
0.0005248613
0.0005200414
0.0005153091
0.0005106621
0.0006026276
0.0005628613
0.0004131686
0.0006027677
0.0005174228
0.0005779257
0.0007890037
0.0009752659
0.0007507543
0.0003110603
0.0004231049
0.0006197858
0.0007572834
0.0009844665
0.0007719249
0.0003482519
0.0004118156
0.0004274505
0.0004044710
0.0003857865
0.0004060713
0.0004212688
0.0003986712
0.0005782511
0.0013018342
0.0027485305
0.0029875505
0.0027687109
0.0018332194
0.0015910972
0.0015317357
0.0014756686
0.0017265990
0.0016502171
0.0010424348
0.0005748209
0.0005690497
0.0005633932
0.0005578481
0.0005524111
0.0005470790
0.0005418489
0.0005401830
0.0005860218
0.0007793143
0.0007224529
0.0005298608
0.0005717637
0.0005638405
0.0005181049
0.0005177459
0.0005584192
0.0005506261
0.0005063168
0.0005062107
0.0005457121
0.0007313911
0.0006819525
0.0004973175
0.0005333954
0.0005251858
0.0004857989
0.0004867624
0.0005218284
0.0005151003
0.0004768592
0.0004771243
0.0005112281
0.0005045568
0.0004674152
0.0007610172
0.0012295368
0.0012377453
0.0011591207
0.0009292146
