0.0118740198
0.0057981194
0.0049973695
0.0030038218
0.0045602891
0.0030386282
0.0039246321
0.0041627424
0.0023562746
0.0029891108
0.0029903402
0.0036427033
0.0023312855
0.0020325008
0.0025061526
0.0027886561
0.0022067226
0.0026516646
0.0017710442
0.0014422594
0.0021175395
0.0017700590
0.0022987386
0.0024391993
0.0016041920
0.0014624272
0.0020843893
0.0023258733
0.0015840865
0.0014797993
0.0019874457
0.0028874857
0.0020623838
0.0027604605
0.0020743814
0.0019661626
0.0023630660
0.0017493652
0.0026158778
0.0022282199
0.0021975398
0.0022284502
0.0027289088
0.0024203151
0.0020049295
0.0021172325
0.0031477831
0.0023884793
0.0025206174
0.0020703470
0.0025856069
0.0019443770
0.0013951806
0.0022414502
0.0020735008
0.0021714876
0.0020450817
0.0016381106
0.0020335922
0.0021483467
0.0017997848
0.0021690594
0.0028062468
0.0028178105
0.0028732698
0.0017842894
0.0024072871
0.0021733868
0.0030260759
0.0023787734
0.0023777111
0.0025081428
0.0024444530
0.0028955892
0.0022009593
0.0022940071
0.0020315798
0.0022391568
0.0019374565
0.0024754834
0.0025718069
0.0026721139
0.0020371504
0.0022265777
0.0017095260
0.0026758139
0.0023999892
0.0012630326
0.0016979174
0.0013902698
0.0017837935
0.0017626395
0.0016129659
0.0017790698
0.0015180295
0.0020270770
0.0018065110
0.0018238062
0.0025584623
0.0019651078
0.0022512160
0.0027270413
0.0024894668
0.0019294214
0.0020533605
0.0021019065
0.0017898848
0.0021220934
0.0017023909
0.0019755991
0.0030325515
0.0017243443
0.0023277717
0.0011758577
0.0012983419
0.0018303793
0.0023499765
0.0020239762
0.0015479696
0.0019247922
0.0023505485
0.0017094999
0.0023038577
0.0029295804
0.0022540310
0.0020125875
0.0024693727
0.0021033180
0.0024312020
0.0015938794
0.0018990122
0.0023058851
0.0020406086
0.0017125038
0.0013242054
0.0014011791
0.0013236397
0.0011984588
0.0021789632
0.0024527556
0.0028599163
0.0017581125
0.0027313056
0.0024018407
0.0017724396
0.0010361871
0.0012864197
0.0017147823
0.0023964417
0.0024112923
0.0028863827
0.0025999962
0.0020655535
0.0013854491
0.0015283011
0.0017255348
0.0018757926
0.0016467320
0.0024100274
0.0018488704
0.0023925054
0.0007160432
0.0011084730
0.0010074752
0.0007598567
0.0007315079
0.0015653520
0.0021949120
0.0018610075
0.0029249503
0.0023652798
0.0023568979
0.0024172385
0.0018256382
0.0014497308
0.0010810922
0.0012035433
0.0017685846
0.0024291044
0.0013052806
0.0016892467
0.0018473406
0.0012103802
0.0009693053
0.0018707145
0.0020503284
0.0027360000
0.0024065500
0.0028779025
0.0014822870
0.0018567260
0.0012551313
0.0016541515
0.0017972715
0.0021606010
0.0020118309
0.0016578786
0.0017251850
0.0012221367
0.0017768624
0.0016625295
0.0008843425
0.0005853608
0.0006133520
0.0011419808
0.0016994559
0.0019211243
0.0023629400
0.0023797237
0.0029786798
0.0020604644
0.0019784203
0.0021259318
0.0021100619
0.0015084345
0.0011470080
0.0011195493
0.0012605005
0.0008555616
0.0012775511
0.0019168849
0.0017696619
0.0024496790
0.0023826123
0.0028203749
0.0015589119
0.0017362943
0.0017685326
0.0028274427
0.0022810461
0.0020877988
0.0009745442
0.0004863061
0.0005840329
0.0017679142
0.0012270857
0.0019866503
0.0015636931
0.0023395572
0.0025408029
0.0014693279
0.0014258194
0.0016094155
0.0020662364
0.0022398299
0.0018424238
0.0022020168
0.0018513850
0.0014082210
0.0011547047
0.0011762804
0.0019491718
0.0023468814
0.0023283311
0.0028551753
0.0017129810
0.0020679704
0.0017885090
0.0024440354
0.0022952682
0.0019883690
0.0019893385
0.0017057996
0.0020817348
0.0007816152
0.0011308664
0.0009163489
0.0010950357
0.0017246226
0.0017278927
0.0025017894
0.0021012070
0.0020902074
0.0020271885
0.0023843754
0.0022421406
0.0026238419
0.0010834224
0.0016289337
0.0018569698
0.0016455352
0.0028919025
0.0017143136
0.0014625067
0.0012251144
0.0012206331
0.0012030465
0.0008681703
0.0014384504
0.0027263437
0.0026608690
0.0022313503
0.0028528238
0.0031422919
0.0025662744
0.0017473158
0.0017996140
0.0026132676
0.0015399972
0.0009718617
0.0008633933
0.0013805871
0.0021639983
0.0020924798
0.0026481442
0.0023482688
0.0026359045
0.0013319388
0.0009671109
0.0015444052
0.0022884614
0.0018824634
0.0018125042
0.0022601434
0.0015911275
0.0012408279
0.0012389572
0.0019055820
0.0018386311
0.0021698445
0.0017165025
0.0021485877
0.0021662751
0.0020201651
0.0015371015
0.0018981264
0.0016742011
0.0013085381
0.0015857007
0.0025731780
0.0022267288
0.0019654338
0.0018307701
0.0022694465
0.0022075196
0.0014315691
0.0021861810
0.0016528758
0.0015700761
0.0010811383
0.0007880004
0.0022396543
0.0027961672
0.0029565872
0.0028712585
0.0017214873
0.0023162436
0.0020189123
0.0018682027
0.0014720748
0.0018558291
0.0028347497
0.0019511892
0.0022070780
0.0016969095
0.0022806324
0.0022608542
0.0021953879
0.0019525839
0.0007781559
0.0006375096
0.0005890965
0.0005492965
0.0007752443
0.0010233700
0.0011846945
0.0016879773
0.0018156251
0.0014052231
0.0022177816
0.0019428627
0.0021276552
0.0028182612
0.0028327075
0.0023809331
0.0017367771
0.0015126793
0.0010423364
0.0026078854
0.0026935641
0.0024790568
0.0029817941
0.0019992758
0.0027850966
0.0018229737
0.0023672884
0.0018022423
0.0013762389
0.0017676723
0.0020317001
0.0015044467
0.0013317516
0.0007951104
0.0010985404
0.0018875336
0.0020261905
0.0024261209
0.0025943476
0.0022640591
0.0024874025
0.0020418269
0.0015969168
0.0014269164
0.0009954927
0.0023655612
0.0026463141
0.0025485368
0.0026358123
0.0029233143
0.0021673651
0.0023090771
0.0016528876
0.0027196250
0.0023322105
0.0023904453
0.0016422048
0.0029420909
0.0017309123
0.0013142063
0.0019753531
0.0019283729
0.0023189537
0.0017820889
0.0015945509
0.0025534791
0.0019505918
0.0009848617
0.0004998908
0.0007364923
0.0006653138
0.0009206326
0.0017308395
0.0033183493
0.0028565987
0.0008972201
0.0011985430
0.0017835064
0.0026199622
0.0020417004
0.0024577533
0.0029811208
0.0016472173
0.0022242890
0.0014936342
0.0023397450
0.0023245463
0.0020859554
0.0018722752
0.0018113996
0.0021420661
0.0019298013
0.0013388917
0.0011730521
0.0009154432
0.0014342262
0.0016089418
0.0017295275
0.0021018457
0.0021926405
0.0022599489
0.0013189069
0.0014844349
0.0017608580
0.0016526119
0.0008341691
0.0004337362
0.0008774550
0.0007881492
0.0008730477
0.0014413601
0.0012903276
0.0018986366
0.0020022640
0.0023365353
0.0013499760
0.0020324292
0.0012449687
0.0008677692
0.0007992276
0.0024220145
0.0024984171
0.0019258065
0.0025802769
0.0021206822
0.0021175679
0.0014817032
0.0012947160
0.0009336045
0.0006990720
0.0014523141
0.0017470857
0.0018794358
0.0025817055
0.0025127151
0.0022013942
0.0017867803
0.0021716555
0.0018379977
0.0015662184
0.0010071318
0.0012659585
0.0020330502
0.0019831667
0.0021253098
0.0013181672
0.0012481688
0.0011077321
0.0020644758
0.0023644020
0.0022836175
