0.1564672146
0.1067772167
0.0451370904
0.0562338342
0.0380111312
0.0346338406
0.0311543559
0.0353483638
0.0348505837
0.0186869292
0.0359729280
0.0120369738
0.0074779287
0.0080749249
0.0098423204
0.0113007403
0.0091148098
0.0067096169
0.0106269050
0.0099072510
0.0067941928
0.0065422650
0.0070076260
0.0063380012
0.0092188287
0.0093983743
0.0064615281
0.0049022224
0.0047766186
0.0065655095
0.0062772910
0.0053418815
0.0057244339
0.0046205017
0.0040671404
0.0039803113
0.0048910217
0.0077631313
0.0073415671
0.0045927446
0.0039026574
0.0047274382
0.0050550838
0.0040848118
0.0036735546
0.0036225272
0.0039682872
0.0044724471
0.0058803659
0.0119085633
0.0095036641
0.0061163569
0.0077109772
0.0074401283
0.0148583539
0.0207987292
0.0200262341
0.0178715406
0.0210168450
0.0223912840
