0.0092423137
0.0045130494
0.0038897742
0.0023380678
0.0035495665
0.0023651598
0.0030547937
0.0032401303
0.0018340402
0.0023266173
0.0023275742
0.0028353504
0.0018145895
0.0015820262
0.0019506998
0.0021705905
0.0017176342
0.0020639612
0.0013785177
0.0011226033
0.0016482173
0.0013777508
0.0017892562
0.0018985857
0.0012486459
0.0011383012
0.0016224143
0.0018103768
0.0012329965
0.0011518230
0.0015469569
0.0022475159
0.0016052860
0.0021486440
0.0016146245
0.0015303909
0.0018393263
0.0013616435
0.0020361060
0.0017343669
0.0017104867
0.0017345462
0.0021240853
0.0018838870
0.0015605656
0.0016479783
0.0024501221
0.0018591071
0.0019619587
0.0016114843
0.0020125442
0.0015134337
0.0010859588
0.0017446649
0.0016139391
0.0016902085
0.0015918187
0.0012750469
0.0015828757
0.0016721965
0.0014008883
0.0016883185
0.0021842824
0.0021932833
0.0022364508
0.0013888273
0.0018737465
0.0016916868
0.0023553896
0.0018515524
0.0018507256
0.0019522489
0.0019026751
0.0022538234
0.0017131483
0.0017855733
0.0015813093
0.0017428798
0.0015080470
0.0019268280
0.0020018028
0.0020798782
0.0015856453
0.0017330887
0.0013306341
0.0020827581
0.0018680661
0.0009830995
0.0013215983
0.0010821365
0.0013884412
0.0013719757
0.0012554752
0.0013847645
0.0011815801
0.0015778044
0.0014061237
0.0014195857
0.0019914158
0.0015295698
0.0017522663
0.0021226317
0.0019377122
0.0015017928
0.0015982626
0.0016360491
0.0013931825
0.0016517618
0.0013250804
0.0015377359
0.0023604300
0.0013421681
0.0018118545
0.0009152457
0.0010105830
0.0014247020
0.0018291380
0.0015753909
0.0012048843
0.0014981896
0.0018295831
0.0013306138
0.0017932407
0.0022802809
0.0017544573
0.0015665263
0.0019220717
0.0016371478
0.0018923610
0.0012406189
0.0014781234
0.0017948188
0.0015883369
0.0013329519
0.0010307143
0.0010906279
0.0010302740
0.0009328376
0.0016960272
0.0019091375
0.0022260569
0.0013684521
0.0021259509
0.0018695072
0.0013796038
0.0008065311
0.0010013032
0.0013347254
0.0018653048
0.0018768639
0.0022466574
0.0020237443
0.0016077532
0.0010783842
0.0011895751
0.0013430947
0.0014600501
0.0012817575
0.0018758794
0.0014390948
0.0018622409
0.0005573425
0.0008627959
0.0007841828
0.0005914454
0.0005693797
0.0012184142
0.0017084413
0.0014485419
0.0022766770
0.0018410495
0.0018345253
0.0018814923
0.0014210116
0.0011284188
0.0008414836
0.0009367952
0.0013766032
0.0018907283
0.0010159839
0.0013148494
0.0014379041
0.0009421168
0.0007544727
0.0014560975
0.0015959025
0.0021296048
0.0018731727
0.0022400567
0.0011537594
0.0014452093
0.0009769495
0.0012875326
0.0013989321
0.0016817348
0.0015659374
0.0012904336
0.0013428225
0.0009512677
0.0013830463
0.0012940537
0.0006883407
0.0004556240
0.0004774113
0.0008888771
0.0013227959
0.0014953346
0.0018392283
0.0018522921
0.0023184982
0.0016037920
0.0015399319
0.0016547495
0.0016423969
0.0011741116
0.0008927901
0.0008714173
0.0009811286
0.0006659386
0.0009944002
0.0014920348
0.0013774417
0.0019067428
0.0018545405
0.0021952793
0.0012134014
0.0013514696
0.0013765627
0.0022007806
0.0017754850
0.0016250681
0.0007585505
0.0003785234
0.0004545904
0.0013760814
0.0009551198
0.0015463378
0.0012171230
0.0018210279
0.0019776704
0.0011436724
0.0011098070
0.0012527116
0.0016082847
0.0017434037
0.0014340770
0.0017139714
0.0014410520
0.0010961090
0.0008987809
0.0009155747
0.0015171658
0.0018267288
0.0018122899
0.0022223667
0.0013333234
0.0016096345
0.0013921116
0.0019023500
0.0017865550
0.0015476756
0.0015484302
0.0013277336
0.0016203481
0.0006083814
0.0008802261
0.0007132533
0.0008523367
0.0013423848
0.0013449301
0.0019473037
0.0016355046
0.0016269429
0.0015778913
0.0018559128
0.0017452023
0.0020423050
0.0008432974
0.0012679039
0.0014453991
0.0012808259
0.0022509538
0.0013343606
0.0011383630
0.0009535854
0.0009500973
0.0009364085
0.0006757528
0.0011196385
0.0021220888
0.0020711255
0.0017368035
0.0022205363
0.0024458480
0.0019974965
0.0013600483
0.0014007554
0.0020340744
0.0011986789
0.0007564625
0.0006720346
0.0010745998
0.0016843791
0.0016287117
0.0020612211
0.0018278087
0.0020516941
0.0010367337
0.0007527646
0.0012021099
0.0017812568
0.0014652424
0.0014107886
0.0017592150
0.0012384769
0.0009658162
0.0009643601
0.0014832371
0.0014311249
0.0016889296
0.0013360644
0.0016723841
0.0016861513
0.0015724245
0.0011964250
0.0014774339
0.0013031384
0.0010185194
0.0012342529
0.0020028700
0.0017332063
0.0015298236
0.0014250062
0.0017664563
0.0017182546
0.0011142824
0.0017016454
0.0012865396
0.0012220913
0.0008415195
0.0006133514
0.0017432671
0.0021764368
0.0023013021
0.0022348852
0.0013399443
0.0018028815
0.0015714493
0.0014541423
0.0011458105
0.0014445112
0.0022064681
0.0015187361
0.0017179108
0.0013208138
0.0017751630
0.0017597683
0.0017088116
0.0015198217
0.0006056888
0.0004962147
0.0004585317
0.0004275528
0.0006034225
0.0007965547
0.0009221239
0.0013138613
0.0014132178
0.0010937756
0.0017262421
0.0015122551
0.0016560910
0.0021936340
0.0022048785
0.0018532334
0.0013518454
0.0011774156
0.0008113175
0.0020298850
0.0020965743
0.0019296094
0.0023209222
0.0015561650
0.0021678199
0.0014189378
0.0018426129
0.0014028012
0.0010712153
0.0013758931
0.0015814029
0.0011710077
0.0010365880
0.0006188856
0.0008550647
0.0014691889
0.0015771144
0.0018884060
0.0020193477
0.0017622629
0.0019361054
0.0015892853
0.0012429831
0.0011106608
0.0007748560
0.0018412685
0.0020597966
0.0019836902
0.0020516223
0.0022754036
0.0016869997
0.0017973033
0.0012865488
0.0021168591
0.0018153095
0.0018606374
0.0012782337
0.0022900186
0.0013472804
0.0010229313
0.0015375444
0.0015009767
0.0018049909
0.0013871144
0.0012411416
0.0019875371
0.0015182711
0.0007665812
0.0003890972
0.0005732593
0.0005178566
0.0007165876
0.0013472237
0.0025828848
0.0022234746
0.0006983642
0.0009329031
0.0013882178
0.0020392852
0.0015891868
0.0019130276
0.0023203981
0.0012821353
0.0017313072
0.0011625916
0.0018211741
0.0018093439
0.0016236333
0.0014573123
0.0014099289
0.0016673078
0.0015020885
0.0010421456
0.0009130619
0.0007125484
0.0011163505
0.0012523429
0.0013462025
0.0016360017
0.0017066732
0.0017590636
0.0010265901
0.0011554312
0.0013705891
0.0012863341
0.0006492875
0.0003376048
0.0006829797
0.0006134672
0.0006795492
0.0011219033
0.0010043450
0.0014778310
0.0015584909
0.0018186758
0.0010507732
0.0015819704
0.0009690393
0.0006754406
0.0006220903
0.0018852097
0.0019446788
0.0014989791
0.0020083956
0.0016506634
0.0016482393
0.0011533050
0.0010077608
0.0007266845
0.0005441327
0.0011304295
0.0013598692
0.0014628858
0.0020095075
0.0019558079
0.0017134867
0.0013907660
0.0016903392
0.0014306319
0.0012190886
0.0007839154
0.0009853770
0.0015824538
0.0015436262
0.0016542653
0.0010260143
0.0009715301
0.0008622192
0.0016069143
0.0018403662
0.0017774864
0.0017850681
0.0012020644
0.0018329851
0.0010342471
0.0019768289
0.0022596068
0.0019976945
0.0013485394
0.0018971971
0.0016273952
0.0018853046
0.0020599823
0.0022428648
0.0019576791
0.0016132457
0.0016712380
0.0009870199
0.0008668422
0.0014479949
0.0013934432
0.0016478165
0.0023308089
0.0014724849
0.0014369465
0.0024549471
0.0019301059
0.0023963391
0.0018030192
0.0017738139
0.0014329582
0.0019249945
0.0013686944
0.0009224039
0.0009734795
0.0010994070
0.0018223958
0.0016371920
0.0016205730
0.0009752952
0.0006493788
0.0010350559
0.0015596371
0.0015941941
0.0019594139
0.0017643623
0.0019741103
0.0015032110
0.0019405924
0.0019029892
0.0011540970
0.0010883550
0.0010235687
0.0010591249
0.0010063706
0.0013425493
0.0014417047
0.0017786408
0.0009847951
0.0009049114
0.0007671722
0.0012077622
0.0011129255
0.0011419621
0.0009718024
0.0017379269
0.0024522301
0.0016660857
0.0015960002
0.0015874787
0.0014939811
0.0015509293
0.0016594014
0.0014892875
0.0012516585
0.0011783596
0.0013366070
0.0013367132
0.0012365278
0.0019258549
0.0018813448
0.0020663206
0.0020510887
0.0016956740
0.0019687681
0.0013630617
0.0015923327
0.0018903063
0.0010892041
0.0018457924
0.0016207110
0.0011170428
0.0010403101
0.0005299246
0.0014408956
0.0016949445
0.0014659305
0.0019550055
0.0018981227
0.0014681309
0.0021159110
0.0017483940
0.0019784312
0.0013437984
0.0021750653
0.0013214826
0.0018739971
0.0008044187
0.0012525268
0.0010191529
0.0006974467
0.0012134669
0.0010490823
0.0017465126
0.0019199524
0.0016008912
0.0012264406
0.0013939770
0.0016779715
0.0017611855
0.0015766217
0.0021060054
0.0013022104
0.0019810132
0.0018326353
0.0015839273
0.0018347782
0.0018952701
0.0013448568
0.0019345116
0.0017412948
0.0009623332
0.0009010944
0.0008481610
0.0006446093
0.0013164946
0.0014543353
0.0010973876
0.0010125038
0.0013587676
0.0010741041
0.0007854739
0.0012295972
0.0008880270
0.0005267063
0.0004890606
0.0011070093
0.0011662793
0.0010030521
0.0008257751
0.0017380945
