0.1407597190
0.0960580213
0.0406058494
0.0505886087
0.0341952540
0.0311570042
0.0280268195
0.0317997976
0.0313519889
0.0168109780
0.0323616628
0.0108286010
0.0067272313
0.0072642960
0.0088542655
0.0101662769
0.0081997885
0.0060360491
0.0095600869
0.0089126778
0.0061121346
0.0058854974
0.0063041416
0.0057017393
0.0082933651
0.0084548864
0.0058128656
0.0044100961
0.0042971015
0.0059064084
0.0056471237
0.0048056185
0.0051497671
0.0041566568
0.0036588466
0.0035807342
0.0044000198
0.0069838029
0.0066045588
0.0041316862
0.0035108758
0.0042528581
0.0045476119
0.0036747441
0.0033047723
0.0032588674
0.0035699171
0.0040234652
0.0052900452
0.0107130815
0.0085496063
0.0055023455
0.0069368845
0.0066932256
0.0133667473
0.0187107777
0.0180158322
0.0160774449
0.0189069972
0.0201434585
0.0213178282
0.0134728066
0.0091009538
0.0137237297
0.0159755292
0.0117781870
0.0063197530
0.0029502942
0.0028992979
0.0028500347
