0.0086443017
0.0042210384
0.0036380914
0.0021867861
0.0033198963
0.0022121252
0.0028571372
0.0030304818
0.0017153710
0.0021760765
0.0021769715
0.0026518927
0.0016971788
0.0014796632
0.0018244823
0.0020301452
0.0016064969
0.0019304153
0.0012893225
0.0010499667
0.0015415715
0.0012886052
0.0016734847
0.0017757402
0.0011678539
0.0010646488
0.0015174381
0.0016932387
0.0011532170
0.0010772958
0.0014468630
0.0021020933
0.0015014181
0.0020096188
0.0015101523
0.0014313689
0.0017203151
0.0012735401
0.0019043624
0.0016221469
0.0015998118
0.0016223146
0.0019866491
0.0017619925
0.0014595913
0.0015413480
0.0022915901
0.0017388160
0.0018350127
0.0015072153
0.0018823251
0.0014155090
0.0010156933
0.0016317786
0.0015095113
0.0015808457
0.0014888221
0.0011925466
0.0014804577
0.0015639992
0.0013102456
0.0015790781
0.0020429512
0.0020513697
0.0020917441
0.0012989650
0.0017525081
0.0015822284
0.0022029872
0.0017317501
0.0017309768
0.0018259312
0.0017795649
0.0021079926
0.0016023012
0.0016700401
0.0014789927
0.0016301090
0.0014104708
0.0018021551
0.0018722788
0.0019453023
0.0014830481
0.0016209514
0.0012445371
0.0019479959
0.0017471952
0.0009194893
0.0012360860
0.0010121182
0.0012986039
0.0012832038
0.0011742413
0.0012951651
0.0011051275
0.0014757146
0.0013151423
0.0013277332
0.0018625638
0.0014306010
0.0016388882
0.0019852896
0.0018123350
0.0014046213
0.0014948491
0.0015301906
0.0013030384
0.0015448867
0.0012393428
0.0014382387
0.0022077014
0.0012553249
0.0016946208
0.0008560259
0.0009451946
0.0013325185
0.0017107859
0.0014734573
0.0011269238
0.0014012512
0.0017112023
0.0012445181
0.0016772113
0.0021327383
0.0016409374
0.0014651663
0.0017977065
0.0015312182
0.0017699182
0.0011603462
0.0013824833
0.0016786873
0.0014855656
0.0012467050
0.0009640233
0.0010200602
0.0009636114
0.0008724796
0.0015862880
0.0017856092
0.0020820227
0.0012799082
0.0019883940
0.0017485431
0.0012903383
0.0007543455
0.0009365152
0.0012483637
0.0017446126
0.0017554239
0.0021012903
0.0018928006
0.0015037256
0.0010086087
0.0011126051
0.0012561915
0.0013655794
0.0011988230
0.0017545030
0.0013459800
0.0017417470
0.0005212804
0.0008069698
0.0007334433
0.0005531766
0.0005325387
0.0011395783
0.0015978988
0.0013548159
0.0021293676
0.0017219268
0.0017158247
0.0017597527
0.0013290669
0.0010554059
0.0007870365
0.0008761810
0.0012875319
0.0017683911
0.0009502460
0.0012297738
0.0013448664
0.0008811584
0.0007056555
0.0013618825
0.0014926417
0.0019918115
0.0017519715
0.0020951167
0.0010791069
0.0013516989
0.0009137372
0.0012042244
0.0013084160
0.0015729203
0.0014646155
0.0012069377
0.0012559369
0.0008897171
0.0012935581
0.0012103236
0.0006438025
0.0004261434
0.0004465210
0.0008313635
0.0012372061
0.0013985809
0.0017202234
0.0017324419
0.0021684827
0.0015000207
0.0014402926
0.0015476811
0.0015361278
0.0010981422
0.0008350233
0.0008150334
0.0009176460
0.0006228499
0.0009300588
0.0013954946
0.0012883161
0.0017833694
0.0017345448
0.0020532366
0.0011348899
0.0012640245
0.0012874940
0.0020583819
0.0016606045
0.0015199202
0.0007094694
0.0003540315
0.0004251767
0.0012870438
0.0008933200
0.0014462840
0.0011383706
0.0017032007
0.0018497078
0.0010696726
0.0010379983
0.0011716565
0.0015042228
0.0016305990
0.0013412869
0.0016030711
0.0013478106
0.0010251867
0.0008406265
0.0008563337
0.0014189995
0.0017085326
0.0016950280
0.0020785713
0.0012470524
0.0015054851
0.0013020368
0.0017792609
0.0016709582
0.0014475352
0.0014482410
0.0012418243
0.0015155056
0.0005690168
0.0008232722
0.0006671032
0.0007971874
0.0012555275
0.0012579081
0.0018213059
0.0015296814
0.0015216737
0.0014757958
0.0017358284
0.0016322813
0.0019101603
0.0007887329
0.0011858658
0.0013518764
0.0011979517
0.0021053087
0.0012480225
0.0010647067
0.0008918849
0.0008886225
0.0008758194
0.0006320291
0.0010471938
0.0019847817
0.0019371160
0.0016244259
0.0020768594
0.0022875925
0.0018682511
0.0012720481
0.0013101213
0.0019024622
0.0011211199
0.0007075166
0.0006285514
0.0010050692
0.0015753935
0.0015233280
0.0019278524
0.0017095427
0.0019189419
0.0009696532
0.0007040580
0.0011243289
0.0016660029
0.0013704357
0.0013195054
0.0016453873
0.0011583429
0.0009033243
0.0009019625
0.0013872662
0.0013385258
0.0015796496
0.0012496160
0.0015641746
0.0015770510
0.0014706828
0.0011190119
0.0013818385
0.0012188205
0.0009526174
0.0011543921
0.0018732769
0.0016210614
0.0014308383
0.0013328030
0.0016521600
0.0016070771
0.0010421842
0.0015915426
0.0012032957
0.0011430174
0.0007870701
0.0005736653
0.0016304712
0.0020356133
0.0021523993
0.0020902799
0.0012532449
0.0016862283
0.0014697707
0.0013600539
0.0010716723
0.0013510459
0.0020637014
0.0014204683
0.0016067556
0.0012353523
0.0016603033
0.0016459048
0.0015982452
0.0014214836
0.0005664985
0.0004641078
0.0004288630
0.0003998885
0.0005643788
0.0007450147
0.0008624591
0.0012288496
0.0013217774
0.0010230042
0.0016145479
0.0014144066
0.0015489357
0.0020516978
0.0020622147
0.0017333223
0.0012643759
0.0011012324
0.0007588223
0.0018985439
0.0019609181
0.0018047565
0.0021707499
0.0014554753
0.0020275539
0.0013271272
0.0017233890
0.0013120347
0.0010019037
0.0012868677
0.0014790803
0.0010952391
0.0009695169
0.0005788414
0.0007997388
0.0013741269
0.0014750693
0.0017662191
0.0018886884
0.0016482379
0.0018108322
0.0014864526
0.0011625575
0.0010387970
0.0007247200
0.0017221316
0.0019265201
0.0018553380
0.0019188747
0.0021281766
0.0015778446
0.0016810111
0.0012033043
0.0019798905
0.0016978522
0.0017402472
0.0011955272
0.0021418459
0.0012601064
0.0009567439
0.0014380596
0.0014038579
0.0016882013
0.0012973630
0.0011608351
0.0018589361
0.0014200334
0.0007169806
0.0003639211
0.0005361673
0.0004843493
0.0006702217
0.0012600534
0.0024157625
0.0020796075
0.0006531774
0.0008725408
0.0012983949
0.0019073359
0.0014863605
0.0017892476
0.0021702598
0.0011991763
0.0016192852
0.0010873676
0.0017033374
0.0016922727
0.0015185782
0.0013630188
0.0013187012
0.0015594268
0.0014048978
0.0009747149
0.0008539834
0.0006664438
0.0010441185
0.0011713117
0.0012590982
0.0015301463
0.0015962451
0.0016452457
0.0009601659
0.0010806705
0.0012819069
0.0012031036
0.0006072762
0.0003157605
0.0006387884
0.0005737736
0.0006355798
0.0010493120
0.0009393601
0.0013822099
0.0014576508
0.0017010007
0.0009827843
0.0014796111
0.0009063388
0.0006317371
0.0005818387
0.0017632296
0.0018188509
0.0014019896
0.0018784449
0.0015438594
0.0015415921
0.0010786819
0.0009425549
0.0006796653
0.0005089253
0.0010572865
0.0012718806
0.0013682317
0.0018794849
0.0018292599
0.0016026178
0.0013007783
0.0015809680
0.0013380647
0.0011402090
0.0007331932
0.0009216194
0.0014800632
0.0014437479
0.0015472282
0.0009596274
0.0009086685
0.0008064304
0.0015029410
0.0017212877
0.0016624765
0.0016695676
0.0011242863
0.0017143842
0.0009673275
0.0018489208
0.0021134018
0.0018684362
0.0012612839
0.0017744414
0.0015220967
0.0017633184
0.0019266938
0.0020977431
0.0018310100
0.0015088627
0.0015631027
0.0009231560
0.0008107543
0.0013543042
0.0013032822
0.0015411966
0.0021799969
0.0013772097
0.0013439707
0.0022961029
0.0018052209
0.0022412871
0.0016863572
0.0016590416
0.0013402405
0.0018004402
0.0012801348
0.0008627210
0.0009104917
0.0010282713
0.0017044800
0.0015312596
0.0015157159
0.0009121900
0.0006073616
0.0009680839
0.0014587228
0.0014910438
0.0018326326
0.0016502015
0.0018463780
0.0014059477
0.0018150289
0.0017798588
0.0010794227
0.0010179344
0.0009573400
0.0009905956
0.0009412547
0.0012556814
0.0013484211
0.0016635562
0.0009210752
0.0008463603
0.0007175333
0.0011296155
0.0010409151
0.0010680729
0.0009089232
0.0016254766
0.0022935617
0.0015582837
0.0014927330
0.0014847629
0.0013973150
0.0014505784
0.0015520320
0.0013929250
0.0011706715
0.0011021154
0.0012501235
0.0012502229
0.0011565199
0.0018012449
0.0017596148
0.0019326220
0.0019183756
0.0015859576
0.0018413815
0.0012748666
0.0014893029
0.0017679965
0.0010187285
0.0017263628
0.0015158450
0.0010447660
0.0009729982
0.0004956365
0.0013476643
0.0015852753
0.0013710793
0.0018285094
0.0017753071
0.0013731374
0.0019790037
0.0016352664
0.0018504193
0.0012568497
0.0020343305
0.0012359778
0.0017527425
0.0007523698
0.0011714837
0.0009532099
0.0006523193
0.0011349510
0.0009812028
0.0016335068
0.0017957244
0.0014973076
0.0011470853
0.0013037815
0.0015694005
0.0016472302
0.0014746084
0.0019697390
0.0012179526
0.0018528343
0.0017140570
0.0014814414
0.0017160612
0.0017726391
0.0012578395
0.0018093415
0.0016286265
0.0009000667
0.0008427902
0.0007932819
0.0006029007
0.0012313125
0.0013602344
0.0010263826
0.0009469911
0.0012708503
0.0010046055
0.0007346508
0.0011500377
0.0008305684
0.0004926265
0.0004574166
0.0010353817
0.0010908167
0.0009381509
0.0007723444
0.0016256334
0.0019390882
0.0023864514
0.0015423358
0.0017108733
0.0012757559
0.0013438374
0.0011018850
0.0006405204
0.0009217906
0.0008530339
0.0006208651
0.0005254524
0.0005446928
0.0004134764
0.0003619769
0.0007198938
0.0016869963
0.0016694454
0.0015374780
0.0016261770
0.0017451321
0.0018255281
0.0017803907
0.0018146806
0.0014223285
0.0012822989
0.0011081059
0.0009326541
0.0012138724
0.0008492777
0.0012479404
0.0009624147
0.0015696728
0.0012534333
0.0014103824
0.0010754669
0.0007263299
0.0011082916
0.0012540162
0.0008847581
0.0011510467
0.0014575995
0.0014163073
0.0013392489
0.0018800613
0.0019327544
0.0014129236
0.0018178706
0.0012475277
0.0021593711
