0.1309334593
0.0893523311
0.0377712060
0.0470570813
0.0318081262
0.0289819728
0.0260703023
0.0295798936
0.0291633458
0.0156374247
0.0301025356
0.0100726700
0.0062576117
0.0067571846
0.0082361603
0.0094565818
0.0076273715
0.0056146801
0.0088927092
0.0082904949
0.0056854541
0.0054746382
0.0058640574
0.0053037080
0.0077144157
0.0078646614
0.0054070767
0.0041022328
0.0039971262
0.0054940895
0.0052529051
0.0044701443
0.0047902683
0.0038664858
0.0034034271
0.0033307676
0.0040928599
0.0064962723
0.0061435028
0.0038432584
0.0032657860
0.0039559714
0.0042301488
0.0034182148
0.0030740703
0.0030313700
0.0033207057
0.0037425922
0.0049207538
0.0099652147
0.0079527690
0.0051182337
0.0064526293
0.0062259799
0.0124336314
0.0174046018
0.0167581695
0.0149550986
0.0175871234
0.0187372689
0.0198296573
0.0125322869
0.0084656276
0.0127656933
0.0148602975
0.0109559665
0.0058785790
0.0027443378
0.0026969015
0.0026510774
0.0026067846
0.0025639477
0.0130444940
0.0115108402
0.0110482541
0.0084916865
0.0056274657
0.0050954834
0.0049062828
0.0049135083
