0.0551069671
0.0296998841
0.0183204496
0.0190624597
0.0127190266
0.0162458427
0.0121308140
0.0161302987
0.0131074237
0.0144912863
0.0127145472
0.0143348433
0.0053799815
0.0088993533
0.0120677566
0.0115032362
0.0109806457
0.0080434636
0.0115018767
0.0121209448
0.0083892153
0.0101475782
0.0133047869
0.0125557911
0.0126279314
0.0110157625
0.0110631659
0.0085246239
0.0088701237
0.0122399497
0.0121812726
0.0126142103
0.0060915298
0.0152612236
0.0037581756
0.0096539060
0.0101891811
0.0110931914
0.0113201091
0.0120829921
0.0120449687
0.0120218155
0.0129412311
0.0065222588
0.0095603112
0.0096969932
0.0083575193
0.0099508999
0.0097507046
0.0092510863
0.0091167106
0.0083944069
0.0110142210
0.0093058467
0.0097230520
0.0068358307
0.0081736215
0.0093381164
0.0041130432
0.0087784070
0.0100001569
0.0123261597
0.0126888118
0.0103063388
0.0111197622
0.0118239263
0.0110440219
0.0068120027
0.0062519380
0.0099096210
0.0070533952
0.0059516369
0.0115779699
0.0072505959
0.0086667803
0.0119371450
0.0120086534
0.0104861885
0.0105188468
0.0130341359
0.0106956243
0.0112780566
0.0105874054
0.0076677906
0.0098864274
0.0087334006
0.0091815429
0.0060517662
0.0062379389
0.0064750942
