0.0068382425
0.0033391342
0.0028779828
0.0017298996
0.0026262684
0.0017499445
0.0022601938
0.0023973214
0.0013569775
0.0017214275
0.0017221355
0.0020978311
0.0013425862
0.0011705163
0.0014432921
0.0016059857
0.0012708505
0.0015270924
0.0010199435
0.0008305965
0.0012194900
0.0010193761
0.0013238425
0.0014047337
0.0009238534
0.0008422111
0.0012003988
0.0013394693
0.0009122747
0.0008522157
0.0011445690
0.0016629017
0.0011877259
0.0015897479
0.0011946353
0.0011323121
0.0013608886
0.0010074586
0.0015064828
0.0012832308
0.0012655622
0.0012833634
0.0015715773
0.0013938584
0.0011546380
0.0012193132
0.0018128068
0.0013755241
0.0014516224
0.0011923119
0.0014890498
0.0011197658
0.0008034839
0.0012908501
0.0011941282
0.0012505587
0.0011777616
0.0009433871
0.0011711448
0.0012372319
0.0010364952
0.0012491603
0.0016161162
0.0016227758
0.0016547147
0.0010275714
0.0013863555
0.0012516524
0.0017427157
0.0013699345
0.0013693227
0.0014444383
0.0014077594
0.0016675685
0.0012675314
0.0013211176
0.0011699859
0.0012895294
0.0011157803
0.0014256297
0.0014811024
0.0015388691
0.0011731940
0.0012822851
0.0009845152
0.0015410000
0.0013821527
0.0007273799
0.0009778298
0.0008006557
0.0010272858
0.0010151032
0.0009289063
0.0010245655
0.0008742325
0.0011673927
0.0010403688
0.0010503291
0.0014734172
0.0011317047
0.0012964743
0.0015705018
0.0014336828
0.0011111529
0.0011825293
0.0012104870
0.0010307938
0.0012221126
0.0009804061
0.0011377466
0.0017464450
0.0009930491
0.0013405626
0.0006771759
0.0007477145
0.0010541146
0.0013533504
0.0011656070
0.0008914750
0.0011084869
0.0013536798
0.0009845002
0.0013267905
0.0016871440
0.0012980954
0.0011590482
0.0014221106
0.0012112999
0.0014001281
0.0009179144
0.0010936403
0.0013279582
0.0011751855
0.0009862302
0.0007626093
0.0008069384
0.0007622835
0.0006901919
0.0012548639
0.0014125408
0.0016470244
0.0010124962
0.0015729576
0.0013832189
0.0010207472
0.0005967396
0.0007408485
0.0009875423
0.0013801096
0.0013886621
0.0016622664
0.0014973366
0.0011895513
0.0007978795
0.0008801479
0.0009937347
0.0010802681
0.0009483522
0.0013879336
0.0010647636
0.0013778428
0.0004123689
0.0006383691
0.0005802045
0.0004376011
0.0004212751
0.0009014855
0.0012640488
0.0010717534
0.0016844775
0.0013621636
0.0013573364
0.0013920865
0.0010513842
0.0008348993
0.0006226005
0.0006931200
0.0010185271
0.0013989201
0.0007517105
0.0009728364
0.0010638826
0.0006970574
0.0005582225
0.0010773436
0.0011807831
0.0015756611
0.0013859310
0.0016573827
0.0008536484
0.0010692877
0.0007228295
0.0009526251
0.0010350478
0.0012442891
0.0011586125
0.0009547715
0.0009935333
0.0007038280
0.0010232942
0.0009574500
0.0005092925
0.0003371090
0.0003532291
0.0006576662
0.0009787159
0.0011063746
0.0013608160
0.0013704818
0.0017154203
0.0011866205
0.0011393714
0.0012243231
0.0012151837
0.0008687067
0.0006605614
0.0006447479
0.0007259216
0.0004927175
0.0007357411
0.0011039331
0.0010191475
0.0014107690
0.0013721453
0.0016242526
0.0008977766
0.0009999311
0.0010184971
0.0016283229
0.0013136534
0.0012023623
0.0005612395
0.0002800635
0.0003363443
0.0010181410
0.0007066781
0.0011441110
0.0009005301
0.0013473499
0.0014632472
0.0008461852
0.0008211287
0.0009268616
0.0011899446
0.0012899170
0.0010610510
0.0012681405
0.0010662117
0.0008109938
0.0006649939
0.0006774194
0.0011225271
0.0013515679
0.0013408848
0.0016442941
0.0009865050
0.0011909432
0.0010300015
0.0014075189
0.0013218439
0.0011451008
0.0011456591
0.0009823692
0.0011988701
0.0004501318
0.0006512654
0.0005277249
0.0006306305
0.0009932094
0.0009950926
0.0014407794
0.0012100841
0.0012037495
0.0011674569
0.0013731607
0.0012912477
0.0015110693
0.0006239425
0.0009381022
0.0010694281
0.0009476629
0.0016654453
0.0009872724
0.0008422569
0.0007055428
0.0007029621
0.0006928339
0.0004999789
0.0008284029
0.0015701001
0.0015323932
0.0012850336
0.0016429399
0.0018096444
0.0014779162
0.0010062784
0.0010363969
0.0015049796
0.0008868837
0.0005596947
0.0004972278
0.0007950795
0.0012462456
0.0012050582
0.0015250650
0.0013523669
0.0015180162
0.0007670630
0.0005569587
0.0008894222
0.0013179239
0.0010841098
0.0010438203
0.0013016155
0.0009163296
0.0007145922
0.0007135149
0.0010974238
0.0010588668
0.0012496124
0.0009885330
0.0012373706
0.0012475568
0.0011634121
0.0008852160
0.0010931301
0.0009641716
0.0007535865
0.0009132043
0.0014818920
0.0012823721
0.0011318924
0.0010543397
0.0013069732
0.0012713095
0.0008244400
0.0012590206
0.0009518904
0.0009042061
0.0006226271
0.0004538090
0.0012898159
0.0016103114
0.0017026972
0.0016535564
0.0009914037
0.0013339236
0.0011626906
0.0010758970
0.0008477672
0.0010687711
0.0016325310
0.0011236890
0.0012710552
0.0009772494
0.0013134151
0.0013020249
0.0012643228
0.0011244922
0.0004481396
0.0003671415
0.0003392604
0.0003163396
0.0004464628
0.0005893583
0.0006822650
0.0009721053
0.0010456176
0.0008092673
0.0012772194
0.0011188937
0.0012253156
0.0016230353
0.0016313549
0.0013711782
0.0010002091
0.0008711513
0.0006002811
0.0015018800
0.0015512223
0.0014276877
0.0017172138
0.0011513820
0.0016039358
0.0010498497
0.0013633203
0.0010379105
0.0007925753
0.0010180016
0.0011700551
0.0008664101
0.0007669551
0.0004579037
0.0006326489
0.0010870297
0.0011668821
0.0013972019
0.0014940836
0.0013038706
0.0014324940
0.0011758872
0.0009196636
0.0008217605
0.0005733038
0.0013623256
0.0015240111
0.0014677011
0.0015179631
0.0016835354
0.0012481845
0.0013297964
0.0009518972
0.0015662308
0.0013431189
0.0013766563
0.0009457450
0.0016943488
0.0009968316
0.0007568508
0.0011376049
0.0011105491
0.0013354844
0.0010263041
0.0009183011
0.0014705475
0.0011233449
0.0005671814
0.0002878869
0.0004241456
0.0003831539
0.0005301919
0.0009967897
0.0019110358
0.0016451139
0.0005167087
0.0006902403
0.0010271205
0.0015088350
0.0011758143
0.0014154190
0.0017168261
0.0009486317
0.0012809670
0.0008601833
0.0013474581
0.0013387051
0.0012013007
0.0010782424
0.0010431842
0.0012336148
0.0011113717
0.0007710671
0.0006755601
0.0005272033
0.0008259702
0.0009265888
0.0009960341
0.0012104519
0.0012627406
0.0013015035
0.0007595579
0.0008548854
0.0010140773
0.0009517384
0.0004803976
0.0002497885
0.0005053260
0.0004538948
0.0005027877
0.0008300786
0.0007430991
0.0010934239
0.0011531029
0.0013456096
0.0007774505
0.0011704750
0.0007169769
0.0004997479
0.0004602748
0.0013948370
0.0014388373
0.0011090711
0.0014859803
0.0012212999
0.0012195064
0.0008533122
0.0007456264
0.0005376624
0.0004025952
0.0008363870
0.0010061458
0.0010823662
0.0014868030
0.0014470715
0.0012677819
0.0010290059
0.0012506554
0.0010585020
0.0009019844
0.0005800067
0.0007290649
0.0011708327
0.0011421048
0.0012239649
0.0007591319
0.0007188198
0.0006379424
0.0011889306
0.0013616580
0.0013151342
0.0013207438
0.0008893885
0.0013561968
0.0007652232
0.0014626246
0.0016718475
0.0014780627
0.0009977631
0.0014037063
0.0012040841
0.0013949072
0.0015241485
0.0016594604
0.0014484560
0.0011936151
0.0012365227
0.0007302805
0.0006413629
0.0010713486
0.0010309867
0.0012191935
0.0017245288
0.0010894684
0.0010631741
0.0018163767
0.0014280550
0.0017730136
0.0013340255
0.0013124170
0.0010602233
0.0014242731
0.0010126755
0.0006824722
0.0007202621
0.0008134339
0.0013483620
0.0012113326
0.0011990364
0.0007216056
0.0004804652
0.0007658216
0.0011539510
0.0011795191
0.0014497395
0.0013054239
0.0014606131
0.0011122022
0.0014358138
0.0014079918
0.0008538982
0.0008052568
0.0007573224
0.0007836298
0.0007445978
0.0009933311
0.0010666947
0.0013159884
0.0007286344
0.0006695297
0.0005676186
0.0008936042
0.0008234361
0.0008449198
0.0007190213
0.0012858648
0.0018143665
0.0012327106
0.0011808554
0.0011745505
0.0011053731
0.0011475082
0.0012277650
0.0011019004
0.0009260824
0.0008718497
0.0009889345
0.0009890130
0.0009148875
0.0014249097
0.0013919774
0.0015288381
0.0015175682
0.0012546025
0.0014566605
0.0010085079
0.0011781419
0.0013986079
0.0008058850
0.0013656728
0.0011991386
0.0008264824
0.0007697091
0.0003920829
0.0010660960
0.0012540628
0.0010846189
0.0014464778
0.0014043911
0.0010862469
0.0015655293
0.0012936092
0.0014638101
0.0009942553
0.0016092966
0.0009777442
0.0013865409
0.0005951767
0.0009267249
0.0007540552
0.0005160298
0.0008978250
0.0007761995
0.0012922172
0.0014205426
0.0011844742
0.0009074241
0.0010313817
0.0012415047
0.0013030734
0.0011665176
0.0015582002
0.0009634850
0.0014657205
0.0013559380
0.0011719229
0.0013575235
0.0014022805
0.0009950384
0.0014313147
0.0012883566
0.0007120152
0.0006667055
0.0006275410
0.0004769363
0.0009740536
0.0010760398
0.0008119398
0.0007491356
0.0010053307
0.0007947127
0.0005811598
0.0009097596
0.0006570372
0.0003897017
0.0003618482
0.0008190587
0.0008629117
0.0007421424
0.0006109780
0.0012859888
0.0015339533
0.0018878486
0.0012200947
0.0013534195
0.0010092114
0.0010630686
0.0008716675
0.0005066961
0.0007292003
0.0006748090
0.0004911474
0.0004156693
0.0004308898
0.0003270885
0.0002863488
0.0005694859
0.0013345311
0.0013206472
0.0012162518
0.0012864189
0.0013805206
0.0014441194
0.0014084126
0.0014355383
0.0011251606
0.0010143874
0.0008765887
0.0007377941
0.0009602573
0.0006718376
0.0009872074
0.0007613368
0.0012417201
0.0009915527
0.0011157104
0.0008507689
0.0005745774
0.0008767356
0.0009920138
0.0006999050
0.0009105578
0.0011530623
0.0011203974
0.0010594388
0.0014872590
0.0015289428
0.0011177206
0.0014380618
0.0009868809
0.0017082124
0.0009340726
0.0012923198
0.0010086382
0.0014061025
0.0010978597
0.0009065306
0.0006486372
0.0010235939
0.0008520307
0.0005106572
0.0004202069
0.0003840599
0.0008502775
0.0010046079
0.0006333648
0.0002939152
0.0004275662
0.0004424930
0.0003382469
0.0007349608
0.0006310540
0.0010203449
0.0012271369
0.0010702825
0.0011178651
0.0013639726
0.0016002383
0.0011507385
0.0007343746
0.0007924288
0.0009608858
0.0008360859
0.0007193886
0.0011960560
0.0015227481
0.0015160649
0.0015621520
0.0016452978
0.0012160152
0.0010984148
0.0013088546
0.0010832041
0.0012931333
0.0005942707
0.0014746065
0.0016802181
0.0014513305
0.0011637134
0.0014899236
0.0012449801
0.0015295824
0.0017166893
0.0016431819
0.0014576082
0.0014349572
0.0016152655
0.0015405823
0.0014123984
0.0013909904
0.0012809320
0.0007494655
0.0005551144
0.0006494688
0.0005941270
0.0007345726
0.0006305949
0.0004171960
0.0005964995
0.0010544977
0.0009978274
0.0010855064
0.0006940857
0.0012492524
0.0016124656
0.0012669016
0.0012044075
0.0014216036
0.0015022504
0.0015008503
0.0006473818
0.0007540029
0.0005338581
0.0006073827
0.0008763841
0.0012232875
0.0006416793
0.0012416280
0.0009593225
0.0010769806
0.0010896745
0.0008848095
0.0008922544
0.0011206270
0.0012858989
0.0016083628
0.0014461535
0.0013868998
0.0014212523
0.0010800271
0.0010658471
0.0016308805
0.0010031528
0.0011683428
0.0012628678
0.0012916032
0.0016047476
0.0010207608
0.0015774966
0.0012550920
0.0014158181
0.0011095566
0.0014609842
0.0014448628
0.0012934871
0.0011355597
0.0010457315
0.0014682966
0.0013058072
0.0011187483
0.0009620434
0.0012547230
0.0008376137
0.0009696456
0.0006371912
0.0005673084
0.0005032328
0.0007899890
0.0006524720
0.0006903808
0.0011468971
0.0008809874
0.0005166071
0.0006961142
0.0007133203
0.0005027412
0.0009421408
0.0009243072
0.0005303606
0.0003685449
0.0005511293
0.0006777233
0.0004567565
0.0003637987
0.0003286249
0.0003157553
0.0010837849
0.0015807063
0.0011261323
0.0011501014
0.0011351149
0.0008671991
0.0011898066
0.0010326629
0.0009110524
0.0010012718
0.0012176533
0.0015649663
0.0014185706
0.0013840174
0.0011230867
0.0013521194
0.0011165059
0.0008951706
0.0010915948
0.0012242357
0.0012429265
0.0011966664
0.0010369375
0.0009135834
0.0007041233
0.0008606961
0.0010550534
0.0012305488
0.0015482275
0.0012587026
0.0014839443
0.0012017175
0.0012509438
0.0011665927
0.0012101680
0.0012528866
0.0009718768
0.0016004735
0.0013243384
0.0013749482
0.0010493297
0.0009672206
0.0011711730
0.0005337980
0.0006960318
0.0007272098
0.0012223204
0.0014813983
0.0008516526
0.0009106935
0.0008880142
0.0006424698
0.0005512978
0.0004608693
0.0006733038
