0.0065137701
0.0031806934
0.0027414234
0.0016478164
0.0025016528
0.0016669102
0.0021529483
0.0022835693
0.0012925893
0.0016397463
0.0016404207
0.0019982897
0.0012788809
0.0011149757
0.0013748084
0.0015297822
0.0012105491
0.0014546324
0.0009715475
0.0007911850
0.0011616256
0.0009710071
0.0012610266
0.0013380796
0.0008800169
0.0008022485
0.0011434403
0.0012759119
0.0008689876
0.0008117784
0.0010902596
0.0015839975
0.0011313687
0.0015143149
0.0011379502
0.0010785843
0.0012963149
0.0009596550
0.0014350007
0.0012223419
0.0012055117
0.0012224683
0.0014970064
0.0013277202
0.0010998508
0.0011614572
0.0017267897
0.0013102559
0.0013827434
0.0011357370
0.0014183949
0.0010666333
0.0007653588
0.0012295997
0.0011374672
0.0011912201
0.0011218772
0.0008986237
0.0011155744
0.0011785256
0.0009873138
0.0011898881
0.0015394320
0.0015457756
0.0015761991
0.0009788135
0.0013205734
0.0011922619
0.0016600244
0.0013049315
0.0013043488
0.0013759001
0.0013409616
0.0015884429
0.0012073875
0.0012584310
0.0011144704
0.0012283416
0.0010628369
0.0013579841
0.0014108246
0.0014658503
0.0011175263
0.0012214410
0.0009378003
0.0014678800
0.0013165700
0.0006928659
0.0009314321
0.0007626649
0.0009785415
0.0009669369
0.0008848300
0.0009759502
0.0008327504
0.0011120003
0.0009910037
0.0010004914
0.0014035041
0.0010780056
0.0012349570
0.0014959820
0.0013656550
0.0010584290
0.0011264187
0.0011530497
0.0009818830
0.0011641237
0.0009338862
0.0010837609
0.0016635768
0.0009459292
0.0012769533
0.0006450441
0.0007122357
0.0010040972
0.0012891344
0.0011102993
0.0008491747
0.0010558896
0.0012894481
0.0009377860
0.0012638348
0.0016070896
0.0012365012
0.0011040517
0.0013546319
0.0011538241
0.0013336925
0.0008743597
0.0010417474
0.0012649470
0.0011194233
0.0009394339
0.0007264237
0.0007686494
0.0007261134
0.0006574425
0.0011953210
0.0013455162
0.0015688737
0.0009644535
0.0014983213
0.0013175856
0.0009723130
0.0005684245
0.0007056955
0.0009406838
0.0013146239
0.0013227705
0.0015833924
0.0014262884
0.0011331075
0.0007600204
0.0008383851
0.0009465823
0.0010290097
0.0009033532
0.0013220766
0.0010142409
0.0013124646
0.0003928022
0.0006080787
0.0005526740
0.0004168371
0.0004012857
0.0008587103
0.0012040701
0.0010208990
0.0016045496
0.0012975293
0.0012929312
0.0013260325
0.0010014963
0.0007952836
0.0005930583
0.0006602317
0.0009701983
0.0013325418
0.0007160421
0.0009266756
0.0010134017
0.0006639823
0.0005317350
0.0010262240
0.0011247554
0.0015008965
0.0013201690
0.0015787405
0.0008131431
0.0010185503
0.0006885315
0.0009074233
0.0009859351
0.0011852480
0.0011036367
0.0009094679
0.0009463904
0.0006704316
0.0009747392
0.0009120193
0.0004851267
0.0003211133
0.0003364685
0.0006264601
0.0009322761
0.0010538774
0.0012962458
0.0013054528
0.0016340242
0.0011303157
0.0010853086
0.0011662294
0.0011575236
0.0008274869
0.0006292179
0.0006141549
0.0006914769
0.0004693382
0.0007008304
0.0010515518
0.0009707893
0.0013438284
0.0013070375
0.0015471823
0.0008551774
0.0009524847
0.0009701697
0.0015510595
0.0012513210
0.0011453106
0.0005346089
0.0002667746
0.0003203849
0.0009698305
0.0006731465
0.0010898233
0.0008578003
0.0012834186
0.0013938166
0.0008060340
0.0007821664
0.0008828823
0.0011334821
0.0012287108
0.0010107045
0.0012079676
0.0010156203
0.0007725124
0.0006334401
0.0006452760
0.0010692636
0.0012874364
0.0012772602
0.0015662729
0.0009396956
0.0011344333
0.0009811282
0.0013407325
0.0012591228
0.0010907661
0.0010912980
0.0009357561
0.0011419841
0.0004287732
0.0006203631
0.0005026845
0.0006007073
0.0009460819
0.0009478758
0.0013724149
0.0011526660
0.0011466319
0.0011120615
0.0013080047
0.0012299784
0.0014393696
0.0005943366
0.0008935895
0.0010186840
0.0009026966
0.0015864204
0.0009404266
0.0008022921
0.0006720650
0.0006696067
0.0006599592
0.0004762551
0.0007890955
0.0014955993
0.0014596816
0.0012240592
0.0015649829
0.0017237774
0.0014077896
0.0009585308
0.0009872202
0.0014335688
0.0008448013
0.0005331374
0.0004736345
0.0007573532
0.0011871117
0.0011478785
0.0014527012
0.0012881975
0.0014459868
0.0007306661
0.0005305312
0.0008472194
0.0012553888
0.0010326691
0.0009942914
0.0012398543
0.0008728501
0.0006806850
0.0006796588
0.0010453514
0.0010086239
0.0011903187
0.0009416274
0.0011786578
0.0011883606
0.0011082086
0.0008432128
0.0010412614
0.0009184220
0.0007178290
0.0008698730
0.0014115767
0.0012215239
0.0010781845
0.0010043116
0.0012449577
0.0012109863
0.0007853206
0.0011992805
0.0009067235
0.0008613018
0.0005930836
0.0004322760
0.0012286145
0.0015339026
0.0016219048
0.0015750957
0.0009443619
0.0012706294
0.0011075213
0.0010248461
0.0008075409
0.0010180582
0.0015550679
0.0010703703
0.0012107440
0.0009308792
0.0012510940
0.0012402442
0.0012043311
0.0010711354
0.0004268755
0.0003497207
0.0003231626
0.0003013294
0.0004252783
0.0005613934
0.0006498917
0.0009259793
0.0009960034
0.0007708679
0.0012166157
0.0010658026
0.0011671748
0.0015460228
0.0015539476
0.0013061163
0.0009527495
0.0008298154
0.0005717979
0.0014306163
0.0014776173
0.0013599443
0.0016357326
0.0010967493
0.0015278296
0.0010000347
0.0012986312
0.0009886620
0.0007549679
0.0009696978
0.0011145364
0.0008252993
0.0007305634
0.0004361763
0.0006026299
0.0010354505
0.0011115140
0.0013309051
0.0014231898
0.0012420023
0.0013645226
0.0011200917
0.0008760259
0.0007827682
0.0005461007
0.0012976837
0.0014516972
0.0013980592
0.0014459362
0.0016036521
0.0011889586
0.0012666980
0.0009067300
0.0014919136
0.0012793884
0.0013113344
0.0009008697
0.0016139525
0.0009495322
0.0007209385
0.0010836259
0.0010578539
0.0012721161
0.0009776063
0.0008747280
0.0014007704
0.0010700426
0.0005402688
0.0002742267
0.0004040200
0.0003649734
0.0005050344
0.0009494923
0.0018203578
0.0015670537
0.0004921910
0.0006574886
0.0009783840
0.0014372413
0.0011200223
0.0013482578
0.0016353632
0.0009036194
0.0012201855
0.0008193678
0.0012835216
0.0012751840
0.0011442994
0.0010270802
0.0009936854
0.0011750802
0.0010586374
0.0007344802
0.0006435050
0.0005021877
0.0007867782
0.0008826225
0.0009487726
0.0011530164
0.0012028240
0.0012397476
0.0007235171
0.0008143213
0.0009659597
0.0009065787
0.0004576029
0.0002379361
0.0004813484
0.0004323576
0.0004789306
0.0007906916
0.0007078392
0.0010415413
0.0010983886
0.0012817609
0.0007405608
0.0011149364
0.0006829566
0.0004760350
0.0004384349
0.0013286524
0.0013705649
0.0010564460
0.0014154710
0.0011633496
0.0011616412
0.0008128228
0.0007102466
0.0005121505
0.0003834922
0.0007967007
0.0009584045
0.0010310083
0.0014162547
0.0013784084
0.0012076260
0.0009801799
0.0011913122
0.0010082764
0.0008591856
0.0005524856
0.0006944710
0.0011152770
0.0010879123
0.0011658882
0.0007231113
0.0006847121
0.0006076722
0.0011325163
0.0012970478
0.0012527315
0.0012580749
0.0008471873
0.0012918457
0.0007289136
0.0013932236
0.0015925189
0.0014079291
0.0009504195
0.0013371008
0.0011469507
0.0013287193
0.0014518281
0.0015807195
0.0013797272
0.0011369784
0.0011778501
0.0006956289
0.0006109304
0.0010205135
0.0009820667
0.0011613432
0.0016427005
0.0010377735
0.0010127268
0.0017301902
0.0013602942
0.0016888847
0.0012707264
0.0012501432
0.0010099160
0.0013566918
0.0009646244
0.0006500891
0.0006860859
0.0007748367
0.0012843826
0.0011538553
0.0011421425
0.0006873656
0.0004576673
0.0007294836
0.0010991964
0.0011235513
0.0013809499
0.0012434820
0.0013913075
0.0010594285
0.0013676849
0.0013411830
0.0008133810
0.0007670476
0.0007213877
0.0007464469
0.0007092669
0.0009461979
0.0010160803
0.0012535451
0.0006940609
0.0006377607
0.0005406853
0.0008512030
0.0007843643
0.0008048286
0.0006849040
0.0012248509
0.0017282754
0.0011742189
0.0011248242
0.0011188184
0.0010529235
0.0010930593
0.0011695079
0.0010496156
0.0008821401
0.0008304808
0.0009420098
0.0009420847
0.0008714764
0.0013572982
0.0013259285
0.0014562953
0.0014455601
0.0011950721
0.0013875425
0.0009606546
0.0011222394
0.0013322444
0.0007676460
0.0013008720
0.0011422398
0.0007872661
0.0007331866
0.0003734787
0.0010155101
0.0011945579
0.0010331541
0.0013778429
0.0013377532
0.0010347049
0.0014912454
0.0012322278
0.0013943528
0.0009470782
0.0015329360
0.0009313505
0.0013207500
0.0005669358
0.0008827521
0.0007182755
0.0004915444
0.0008552235
0.0007393691
0.0012309019
0.0013531383
0.0011282713
0.0008643671
0.0009824429
0.0011825957
0.0012412430
0.0011111667
0.0014842641
0.0009177680
0.0013961725
0.0012915992
0.0011163155
0.0012931095
0.0013357428
0.0009478241
0.0013633993
0.0012272245
0.0006782303
0.0006350706
0.0005977644
0.0004543058
0.0009278351
0.0010249821
0.0007734136
0.0007135894
0.0009576281
0.0007570038
0.0005535839
0.0008665918
0.0006258610
0.0003712105
0.0003446787
0.0007801947
0.0008219668
0.0007069280
0.0005819873
0.0012249690
0.0014611677
0.0017982708
0.0011622016
0.0012892002
0.0009613247
0.0010126263
0.0008303071
0.0004826535
0.0006946000
0.0006427895
0.0004678426
0.0003959459
0.0004104442
0.0003115683
0.0002727617
0.0005424640
0.0012712080
0.0012579829
0.0011585410
0.0012253787
0.0013150153
0.0013755964
0.0013415838
0.0013674225
0.0010717721
0.0009662550
0.0008349948
0.0007027860
0.0009146934
0.0006399591
0.0009403648
0.0007252116
0.0011828009
0.0009445039
0.0010627703
0.0008104002
0.0005473139
0.0008351347
0.0009449431
0.0006666948
0.0008673521
0.0010983499
0.0010672349
0.0010091688
0.0014166890
0.0014563950
0.0010646852
0.0013698262
0.0009400538
0.0016271582
0.0008897512
0.0012309996
0.0009607786
0.0013393833
0.0010457666
0.0008635160
0.0006178596
0.0009750247
0.0008116021
0.0004864267
0.0004002682
0.0003658364
0.0008099321
0.0009569396
0.0006033118
0.0002799690
0.0004072783
0.0004214969
0.0003221971
0.0007000871
0.0006011106
0.0009719298
0.0011689097
0.0010194979
0.0010648227
0.0012992525
0.0015243075
0.0010961364
0.0006995288
0.0007548283
0.0009152921
0.0007964139
0.0006852539
0.0011393035
0.0014504942
0.0014441282
0.0014880284
0.0015672290
0.0011583157
0.0010462954
0.0012467499
0.0010318064
0.0012317746
0.0005660727
0.0014046369
0.0016004923
0.0013824654
0.0011084955
0.0014192272
0.0011859062
0.0014570042
0.0016352330
0.0015652134
0.0013884452
0.0013668689
0.0015386216
0.0014674822
0.0013453805
0.0013249884
0.0012201522
0.0007139036
0.0005287744
0.0006186518
0.0005659358
0.0006997174
0.0006006734
0.0003974002
0.0005681958
0.0010044621
0.0009504808
0.0010339994
0.0006611516
0.0011899758
0.0015359546
0.0012067875
0.0011472588
0.0013541490
0.0014309691
0.0014296355
0.0006166638
0.0007182257
0.0005085267
0.0005785626
0.0008348000
0.0011652429
0.0006112319
0.0011827132
0.0009138030
0.0010258782
0.0010379698
0.0008428256
0.0008499172
0.0010674536
0.0012248834
0.0015320465
0.0013775339
0.0013210918
0.0013538143
0.0010287801
0.0010152730
0.0015534957
0.0009555536
0.0011129053
0.0012029451
0.0012303171
0.0015286029
0.0009723261
0.0015026448
0.0011955383
0.0013486380
0.0010569085
0.0013916610
0.0013763045
0.0012321115
0.0010816778
0.0009961119
0.0013986264
0.0012438470
0.0010656641
0.0009163947
0.0011951868
0.0007978692
0.0009236363
0.0006069567
0.0005403898
0.0004793545
0.0007525042
0.0006215124
0.0006576224
0.0010924772
0.0008391848
0.0004920943
0.0006630838
0.0006794735
0.0004788863
0.0008974365
0.0008804491
0.0005051952
0.0003510576
0.0005249784
0.0006455656
0.0004350835
0.0003465366
0.0003130318
0.0003007728
0.0010323596
0.0015057023
0.0010726977
0.0010955295
0.0010812541
0.0008260508
0.0011333507
0.0009836634
0.0008678232
0.0009537618
0.0011598760
0.0014907092
0.0013512599
0.0013183462
0.0010697966
0.0012879617
0.0010635280
0.0008526950
0.0010397989
0.0011661461
0.0011839500
0.0011398850
0.0009877352
0.0008702342
0.0006707129
0.0008198563
0.0010049914
0.0011721596
0.0014747646
0.0011989776
0.0014135316
0.0011446964
0.0011915869
0.0011112383
0.0011527459
0.0011934376
0.0009257616
0.0015245315
0.0012614990
0.0013097073
0.0009995393
0.0009213263
0.0011156013
0.0005084695
0.0006630053
0.0006927040
0.0011643217
0.0014111064
0.0008112419
0.0008674814
0.0008458782
0.0006119848
0.0005251389
0.0004390012
0.0006413557
0.0006304116
0.0004107231
0.0003765792
0.0011445677
0.0012879647
0.0012354837
0.0007777195
0.0005919935
0.0006489162
0.0005137124
0.0005317091
0.0013372863
0.0011899689
0.0013300605
0.0013772375
0.0013674854
0.0010680040
0.0004715654
0.0005497834
0.0010789044
0.0014253315
0.0012858198
0.0013053267
0.0006724133
0.0012323694
0.0011891002
0.0009340396
0.0010881262
0.0012474778
0.0008802672
0.0010730836
0.0011289564
0.0009566859
0.0009773641
0.0011804667
0.0010312582
0.0008877813
0.0007634404
0.0005729833
0.0009370185
0.0011367952
0.0007524439
0.0005435342
0.0005671705
0.0002702553
0.0004832119
0.0011596583
0.0013615168
0.0013800571
0.0011056502
